Algorithm: Adaptive Weights Simulated Annealing.
Seed: 334
Best solution cost: 17024706.00
Best solution: [70, 41, 41, 70, 17, 17, 0, 74, 74, 3, 3, 10, 10, 0, 60, 60, 59, 59, 16, 16, 0, 21, 44, 44, 21, 0, 71, 71, 72, 73, 73, 72, 0, 8, 8, 20, 20, 36, 50, 50, 36, 0, 64, 64, 49, 79, 79, 49, 0, 18, 63, 63, 18, 69, 48, 48, 69, 0, 25, 25, 61, 42, 42, 61, 0, 40, 40, 65, 65, 7, 7, 14, 14, 0, 4, 4, 55, 46, 46, 55, 28, 28, 33, 33, 0, 23, 23, 9, 9, 12, 12, 80, 80, 0, 68, 26, 37, 68, 37, 26, 0, 35, 35, 31, 31, 52, 56, 56, 52, 0, 15, 1, 15, 45, 45, 1, 0, 51, 34, 34, 2, 51, 2, 0, 53, 32, 53, 29, 29, 32, 19, 19, 0, 54, 54, 5, 5, 58, 27, 27, 58, 24, 24, 6, 6, 0, 39, 62, 62, 67, 39, 67, 0, 43, 43, 77, 77, 47, 47, 0, 11, 11, 13, 13, 22, 22, 30, 30, 38, 38, 57, 57, 66, 66, 75, 75, 76, 76, 78, 78]
Average cost: 17690480.60
Improvement: 62.18%
Feasible solutions: 10186 for 100000 passes
Operator usage: [5820, 6194, 41837, 40194, 5955, 7519, 6812, 6966, 10013, 23001, 45689]
Iteration numbers of optimal solutions of each run: [9368, 9743, 8747, 9970, 9923, 9148, 9816, 9950, 9813, 9213]
Runtime: 1432.41 seconds
Time of experiment: 2025-03-31 00:46:41
------------------
Algorithm: Adaptive Weights Simulated Annealing.
Seed: 110
Best solution cost: 11083898.00
Best solution: [25, 25, 23, 23, 71, 71, 65, 65, 17, 58, 17, 58, 0, 22, 22, 26, 37, 37, 26, 0, 64, 64, 0, 4, 4, 55, 42, 55, 3, 42, 3, 80, 10, 80, 10, 0, 61, 74, 61, 46, 74, 36, 50, 46, 14, 36, 50, 14, 0, 8, 8, 0, 15, 70, 15, 59, 59, 70, 69, 48, 48, 69, 0, 18, 18, 35, 67, 35, 67, 28, 28, 33, 33, 0, 53, 68, 34, 34, 53, 68, 20, 20, 16, 16, 0, 32, 41, 41, 51, 32, 49, 49, 51, 77, 77, 0, 11, 11, 62, 12, 62, 72, 72, 12, 7, 7, 0, 1, 29, 29, 5, 1, 5, 27, 27, 56, 56, 0, 57, 57, 19, 73, 19, 52, 52, 73, 0, 43, 79, 79, 43, 0, 66, 9, 9, 66, 0, 21, 45, 45, 21, 47, 47, 6, 6, 0, 30, 30, 76, 44, 76, 44, 0, 54, 63, 54, 63, 78, 78, 2, 2, 24, 24, 0, 39, 39, 31, 31, 0, 60, 40, 60, 40, 13, 13, 75, 75, 0, 38, 38]
Average cost: 11083898.00
Improvement: 76.30%
Feasible solutions: 3001 for 10000 passes
Iteration numbers of optimal solutions of each run: [2988]
All costs of all solutions: [11083898.0]Runtime: 838.07 seconds
Time of experiment: 2025-04-09 14:01:05
------------------
Algorithm: Adaptive Weights Simulated Annealing.
Seed: 10
Best solution cost: 11492550.00
Best solution: [21, 37, 37, 21, 0, 29, 35, 29, 42, 35, 3, 42, 3, 80, 80, 0, 22, 68, 22, 26, 26, 72, 68, 7, 7, 10, 10, 72, 0, 8, 8, 17, 27, 27, 17, 56, 56, 0, 79, 69, 48, 48, 79, 69, 0, 64, 64, 65, 12, 65, 12, 0, 15, 41, 15, 41, 23, 59, 23, 59, 33, 33, 0, 39, 61, 39, 61, 55, 55, 28, 28, 0, 70, 18, 18, 70, 20, 20, 0, 54, 63, 54, 63, 0, 4, 4, 16, 16, 0, 11, 11, 74, 46, 74, 36, 50, 46, 14, 36, 14, 50, 0, 25, 25, 51, 43, 43, 5, 5, 2, 51, 2, 0, 9, 71, 9, 71, 58, 77, 58, 77, 47, 47, 6, 6, 0, 66, 66, 31, 31, 0, 32, 62, 62, 45, 45, 32, 24, 24, 0, 53, 30, 53, 30, 76, 76, 0, 1, 34, 34, 44, 49, 49, 1, 44, 0, 57, 57, 19, 73, 19, 52, 52, 73, 0, 60, 40, 60, 40, 13, 67, 13, 67, 75, 75, 0, 38, 38, 78, 78]
Average cost: 11492550.00
Improvement: 75.43%
Feasible solutions: 6001 for 10000 passes
Iteration numbers of optimal solutions of each run: [4176]
All costs of all solutions: [11492550.0]Runtime: 7148.44 seconds
Time of experiment: 2025-04-27 10:24:45
------------------
Algorithm: Adaptive Weights Simulated Annealing.
Seed: 10
Best solution cost: 11299737.00
Best solution: [41, 70, 41, 11, 11, 45, 45, 69, 70, 48, 48, 69, 0, 18, 18, 20, 20, 0, 60, 60, 64, 64, 0, 4, 4, 68, 26, 68, 26, 0, 71, 71, 49, 49, 72, 73, 73, 10, 72, 10, 0, 54, 63, 54, 63, 5, 5, 77, 77, 0, 66, 66, 65, 12, 65, 12, 0, 39, 39, 55, 55, 80, 80, 0, 8, 8, 58, 58, 0, 15, 15, 23, 23, 61, 42, 67, 61, 42, 67, 28, 28, 0, 46, 3, 3, 36, 50, 46, 14, 36, 14, 50, 0, 34, 59, 34, 17, 59, 27, 17, 27, 33, 33, 0, 25, 25, 43, 79, 79, 43, 0, 9, 19, 9, 19, 47, 47, 6, 6, 0, 1, 21, 35, 1, 21, 35, 16, 7, 7, 16, 0, 32, 29, 32, 29, 0, 53, 30, 30, 53, 76, 44, 76, 44, 52, 56, 56, 52, 0, 38, 51, 38, 78, 78, 51, 2, 2, 24, 24, 0, 40, 40, 13, 13, 37, 75, 37, 75, 0, 22, 62, 62, 74, 74, 22, 31, 31, 0, 57, 57]
Average cost: 11786169.30
Improvement: 74.80%
Feasible solutions: 60010 for 100000 passes
Iteration numbers of optimal solutions of each run: [3100, 5280, 5994, 5937, 5918, 3374, 5946, 3282, 5989, 4900]
All costs of all solutions: [11770568.0, 11299737.0, 12141242.0, 11811980.0, 11519150.0, 11727661.0, 12314196.0, 11812218.0, 12021973.0, 11442968.0]Runtime: 78328.18 seconds
Time of experiment: 2025-04-28 13:02:45
------------------
Algorithm: Adaptive Weights Simulated Annealing.
Seed: 42
Best solution cost: 12620976.00
Best solution: [41, 1, 41, 44, 44, 1, 0, 22, 61, 22, 61, 55, 42, 42, 55, 80, 80, 0, 64, 64, 5, 5, 72, 7, 7, 10, 72, 10, 0, 30, 30, 62, 35, 62, 12, 35, 12, 0, 74, 46, 74, 3, 3, 36, 50, 46, 14, 36, 14, 50, 0, 54, 63, 63, 54, 0, 15, 70, 15, 23, 23, 11, 11, 70, 20, 20, 16, 16, 0, 39, 39, 26, 37, 37, 26, 0, 53, 53, 18, 18, 17, 58, 17, 58, 0, 25, 25, 51, 9, 67, 9, 51, 73, 67, 73, 0, 71, 71, 65, 65, 0, 68, 34, 34, 69, 68, 48, 48, 69, 33, 33, 0, 57, 57, 28, 28, 2, 2, 24, 24, 0, 76, 76, 0, 32, 45, 32, 45, 19, 19, 52, 56, 56, 52, 0, 21, 49, 49, 21, 0, 38, 38, 78, 78, 75, 75, 0, 4, 59, 4, 27, 59, 77, 27, 77, 47, 47, 6, 6, 0, 40, 40, 13, 79, 13, 31, 79, 31, 0, 60, 29, 60, 29, 0, 8, 8, 43, 43, 66, 66]
Average cost: 12620976.00
Improvement: 73.02%
Feasible solutions: 718 for 10000 passes
Iteration numbers of optimal solutions of each run: [246]
All costs of all solutions: [12620976.0]Runtime: 344.48 seconds
Time of experiment: 2025-04-29 18:31:19
------------------
Algorithm: Adaptive Weights Simulated Annealing.
Seed: 42
Best solution cost: 12029444.00
Best solution: [41, 70, 23, 41, 23, 70, 20, 20, 16, 16, 0, 54, 63, 54, 63, 0, 64, 64, 5, 5, 33, 33, 0, 30, 30, 71, 71, 0, 61, 74, 61, 46, 74, 36, 50, 46, 14, 36, 14, 50, 0, 8, 8, 67, 42, 42, 3, 3, 67, 80, 80, 0, 15, 15, 11, 11, 62, 17, 62, 27, 27, 17, 0, 22, 22, 34, 37, 34, 77, 37, 77, 0, 53, 21, 68, 53, 21, 68, 69, 48, 48, 69, 0, 32, 32, 45, 45, 65, 73, 65, 10, 73, 10, 0, 4, 4, 9, 12, 9, 72, 72, 12, 7, 7, 0, 1, 44, 1, 44, 0, 38, 38, 59, 26, 59, 58, 58, 26, 52, 52, 0, 76, 76, 0, 40, 40, 13, 79, 13, 31, 79, 31, 0, 57, 57, 28, 28, 2, 2, 24, 24, 56, 56, 6, 6, 0, 25, 25, 51, 43, 51, 43, 0, 18, 49, 49, 18, 47, 47, 0, 39, 35, 35, 55, 39, 55, 75, 75, 0, 60, 29, 60, 29, 78, 78, 0, 19, 19, 66, 66]
Average cost: 12029444.00
Improvement: 74.28%
Feasible solutions: 265 for 10000 passes
Iteration numbers of optimal solutions of each run: [171]
All costs of all solutions: [12029444.0]Runtime: 410.61 seconds
Time of experiment: 2025-04-29 18:40:45
------------------
Algorithm: Adaptive Weights Simulated Annealing.
Seed: 42
Best solution cost: 12914855.00
Best solution: [25, 25, 23, 59, 23, 59, 33, 33, 0, 8, 8, 5, 5, 27, 27, 0, 22, 22, 3, 36, 3, 80, 80, 50, 14, 36, 50, 14, 0, 70, 18, 18, 70, 20, 20, 0, 69, 48, 48, 69, 0, 4, 4, 74, 67, 67, 74, 16, 16, 0, 21, 41, 41, 21, 0, 39, 61, 39, 61, 55, 42, 42, 55, 0, 53, 11, 11, 45, 45, 65, 53, 12, 65, 12, 0, 15, 68, 15, 26, 26, 72, 68, 7, 7, 10, 72, 10, 0, 34, 37, 46, 46, 34, 17, 58, 17, 58, 37, 0, 1, 62, 62, 44, 44, 1, 0, 38, 38, 31, 73, 31, 52, 52, 73, 0, 43, 79, 79, 43, 0, 54, 63, 63, 54, 78, 78, 24, 24, 0, 32, 49, 32, 49, 56, 56, 6, 6, 0, 30, 30, 71, 9, 71, 9, 77, 77, 47, 47, 0, 51, 57, 57, 28, 28, 2, 51, 2, 0, 40, 29, 29, 40, 19, 19, 0, 60, 60, 64, 35, 64, 35, 75, 75, 0, 13, 13, 66, 66, 76, 76]
Average cost: 12914855.00
Improvement: 72.39%
Feasible solutions: 806 for 10000 passes
Iteration numbers of optimal solutions of each run: [746]
All costs of all solutions: [12914855.0]Runtime: 356.53 seconds
Time of experiment: 2025-04-29 18:52:07
------------------
Algorithm: Adaptive Weights Simulated Annealing.
Seed: 42
Best solution cost: 12448575.00
Best solution: [41, 59, 41, 17, 59, 27, 27, 17, 33, 33, 0, 32, 32, 45, 45, 69, 48, 48, 69, 0, 60, 60, 64, 64, 5, 5, 80, 80, 10, 10, 0, 70, 21, 21, 70, 20, 20, 0, 42, 12, 42, 3, 3, 12, 16, 16, 0, 54, 63, 63, 54, 0, 15, 15, 11, 11, 71, 71, 65, 65, 14, 14, 0, 18, 18, 35, 55, 35, 55, 0, 25, 25, 61, 67, 61, 7, 50, 67, 7, 50, 0, 68, 26, 68, 26, 0, 51, 23, 23, 62, 62, 49, 49, 51, 58, 58, 0, 4, 4, 34, 46, 46, 34, 72, 73, 73, 72, 0, 1, 9, 29, 9, 29, 1, 0, 43, 43, 77, 77, 52, 56, 56, 52, 0, 40, 40, 13, 13, 28, 28, 24, 24, 0, 8, 8, 78, 78, 2, 2, 0, 53, 30, 53, 30, 76, 44, 44, 76, 0, 38, 79, 38, 75, 79, 75, 0, 22, 74, 74, 22, 31, 36, 36, 31, 0, 57, 57, 37, 19, 37, 19, 47, 47, 6, 6, 0, 39, 39, 66, 66]
Average cost: 12448575.00
Improvement: 73.38%
Feasible solutions: 287 for 10000 passes
Iteration numbers of optimal solutions of each run: [247]
All costs of all solutions: [12448575.0]Runtime: 426.69 seconds
Time of experiment: 2025-04-29 19:04:51
------------------
Algorithm: Adaptive Weights Simulated Annealing.
Seed: 42
Best solution cost: 12088886.00
Best solution: [41, 1, 41, 62, 62, 44, 1, 44, 5, 5, 27, 27, 0, 22, 22, 34, 34, 72, 73, 73, 10, 72, 10, 0, 60, 60, 35, 12, 35, 12, 16, 16, 0, 66, 66, 67, 42, 42, 67, 28, 28, 33, 33, 0, 74, 46, 74, 3, 3, 50, 46, 14, 50, 14, 0, 54, 63, 54, 63, 20, 20, 80, 80, 0, 25, 25, 4, 4, 55, 37, 55, 77, 37, 77, 0, 39, 61, 39, 59, 61, 79, 59, 58, 79, 58, 0, 53, 21, 68, 53, 68, 69, 21, 69, 0, 15, 70, 15, 11, 11, 70, 48, 17, 48, 17, 0, 26, 26, 0, 23, 51, 23, 29, 29, 65, 51, 65, 7, 7, 0, 38, 38, 75, 75, 47, 56, 56, 47, 0, 9, 71, 9, 71, 19, 19, 0, 57, 57, 31, 36, 36, 31, 52, 52, 0, 32, 49, 32, 49, 2, 2, 24, 24, 6, 6, 0, 30, 30, 76, 76, 0, 8, 8, 78, 78, 0, 40, 64, 40, 64, 0, 18, 45, 45, 18, 0, 13, 13, 43, 43]
Average cost: 12088886.00
Improvement: 74.15%
Feasible solutions: 238 for 10000 passes
Iteration numbers of optimal solutions of each run: [141]
All costs of all solutions: [12088886.0]Runtime: 455.98 seconds
Time of experiment: 2025-04-30 09:37:56
------------------
Algorithm: Adaptive Weights Simulated Annealing.
Seed: 42
Best solution cost: 13020319.00
Best solution: [41, 41, 11, 11, 55, 55, 0, 22, 68, 22, 34, 34, 68, 20, 20, 16, 16, 0, 60, 60, 45, 69, 45, 69, 0, 30, 23, 23, 30, 62, 62, 49, 49, 65, 65, 33, 33, 0, 71, 71, 72, 7, 7, 10, 10, 72, 0, 8, 8, 42, 42, 36, 50, 14, 36, 14, 50, 0, 25, 25, 51, 59, 59, 27, 27, 51, 0, 64, 64, 5, 17, 5, 58, 17, 58, 0, 53, 9, 53, 35, 9, 67, 12, 35, 67, 12, 0, 15, 70, 15, 79, 70, 48, 48, 79, 0, 26, 37, 37, 26, 0, 4, 4, 3, 3, 80, 80, 0, 78, 78, 2, 2, 24, 56, 24, 56, 6, 6, 0, 43, 44, 43, 44, 0, 18, 63, 40, 40, 63, 18, 31, 31, 0, 32, 21, 21, 32, 77, 73, 77, 52, 52, 73, 0, 66, 1, 1, 66, 47, 47, 0, 54, 29, 29, 54, 0, 39, 74, 39, 46, 74, 28, 46, 28, 0, 57, 61, 57, 61, 75, 75, 0, 13, 13, 19, 19, 38, 38, 76, 76]
Average cost: 13020319.00
Improvement: 72.16%
Feasible solutions: 239 for 10000 passes
Iteration numbers of optimal solutions of each run: [206]
All costs of all solutions: [13020319.0]Runtime: 455.47 seconds
Time of experiment: 2025-04-30 09:52:02
------------------
Algorithm: Adaptive Weights Simulated Annealing.
Seed: 42
Best solution cost: 14282858.00
Best solution: [32, 41, 32, 55, 41, 55, 28, 28, 33, 33, 0, 34, 34, 49, 49, 72, 7, 7, 10, 72, 10, 0, 22, 22, 26, 26, 0, 30, 1, 30, 62, 62, 44, 44, 5, 1, 5, 48, 48, 0, 71, 71, 67, 67, 80, 80, 0, 61, 74, 61, 74, 3, 3, 50, 14, 14, 50, 0, 21, 68, 21, 68, 69, 58, 69, 58, 0, 39, 39, 20, 20, 0, 53, 70, 53, 70, 45, 45, 65, 73, 65, 73, 0, 15, 15, 11, 11, 46, 46, 0, 59, 79, 59, 77, 79, 77, 0, 23, 23, 9, 35, 9, 12, 35, 12, 0, 25, 25, 76, 76, 24, 56, 24, 56, 0, 57, 37, 57, 31, 31, 37, 52, 52, 0, 51, 43, 43, 27, 51, 27, 0, 4, 4, 42, 42, 75, 75, 0, 38, 38, 19, 19, 0, 63, 40, 40, 13, 63, 13, 0, 36, 6, 36, 6, 0, 60, 29, 60, 29, 78, 78, 17, 2, 2, 17, 47, 47, 0, 8, 8, 16, 16, 18, 18, 54, 54, 64, 64, 66, 66]
Average cost: 14282858.00
Improvement: 69.46%
Feasible solutions: 350 for 10000 passes
Iteration numbers of optimal solutions of each run: [348]
All costs of all solutions: [14282858.0]Runtime: 377.74 seconds
Time of experiment: 2025-04-30 10:07:04
------------------
Algorithm: Adaptive Weights Simulated Annealing.
Seed: 42
Best solution cost: 46770347.00
Best solution: [0, 0, 0, 0, 0, 0, 0, 0, 0, 0, 0, 0, 0, 0, 0, 0, 0, 0, 0, 0, 1, 1, 2, 2, 3, 3, 4, 4, 5, 5, 6, 6, 7, 7, 8, 8, 9, 9, 10, 10, 11, 11, 12, 12, 13, 13, 14, 14, 15, 15, 16, 16, 17, 17, 18, 18, 19, 19, 20, 20, 21, 21, 22, 22, 23, 23, 24, 24, 25, 25, 26, 26, 27, 27, 28, 28, 29, 29, 30, 30, 31, 31, 32, 32, 33, 33, 34, 34, 35, 35, 36, 36, 37, 37, 38, 38, 39, 39, 40, 40, 41, 41, 42, 42, 43, 43, 44, 44, 45, 45, 46, 46, 47, 47, 48, 48, 49, 49, 50, 50, 51, 51, 52, 52, 53, 53, 54, 54, 55, 55, 56, 56, 57, 57, 58, 58, 59, 59, 60, 60, 61, 61, 62, 62, 63, 63, 64, 64, 65, 65, 66, 66, 67, 67, 68, 68, 69, 69, 70, 70, 71, 71, 72, 72, 73, 73, 74, 74, 75, 75, 76, 76, 77, 77, 78, 78, 79, 79, 80, 80]
Average cost: 46770347.00
Improvement: 0.00%
Feasible solutions: 0 for 10000 passes
Iteration numbers of optimal solutions of each run: []
All costs of all solutions: []Runtime: 43.96 seconds
Time of experiment: 2025-04-30 10:25:39
------------------
Algorithm: Adaptive Weights Simulated Annealing.
Seed: 42
Best solution cost: 13638658.00
Best solution: [70, 68, 34, 34, 68, 70, 20, 20, 0, 32, 41, 41, 32, 49, 49, 27, 27, 0, 60, 60, 17, 58, 17, 58, 0, 23, 51, 23, 29, 51, 29, 65, 12, 65, 12, 0, 46, 3, 3, 36, 50, 46, 14, 36, 14, 50, 0, 9, 9, 67, 42, 42, 28, 67, 28, 33, 33, 0, 22, 22, 59, 79, 59, 69, 48, 48, 69, 79, 0, 39, 61, 61, 39, 26, 37, 37, 26, 0, 53, 53, 64, 64, 77, 77, 0, 54, 63, 54, 63, 5, 73, 5, 73, 0, 4, 4, 55, 55, 80, 80, 7, 7, 0, 11, 11, 45, 45, 72, 10, 10, 72, 0, 25, 25, 43, 44, 43, 44, 0, 57, 57, 31, 31, 52, 52, 0, 15, 21, 15, 21, 47, 56, 56, 47, 0, 8, 8, 19, 19, 0, 30, 30, 76, 76, 2, 2, 24, 24, 6, 6, 0, 62, 35, 62, 35, 75, 75, 0, 40, 18, 18, 40, 78, 78, 0, 1, 71, 71, 1, 0, 13, 13, 16, 16, 38, 38, 66, 66, 74, 74]
Average cost: 13638658.00
Improvement: 70.84%
Feasible solutions: 657 for 10000 passes
Iteration numbers of optimal solutions of each run: [527]
All costs of all solutions: [13638658.0]Runtime: 603.87 seconds
Time of experiment: 2025-04-30 10:44:56
------------------
Algorithm: Adaptive Weights Simulated Annealing.
Seed: 42
Best solution cost: 15514812.00
Best solution: [59, 12, 59, 72, 12, 72, 16, 16, 0, 18, 63, 63, 18, 67, 80, 67, 80, 0, 60, 60, 71, 71, 65, 65, 58, 58, 0, 40, 9, 9, 40, 42, 3, 42, 3, 0, 62, 69, 69, 17, 62, 27, 27, 17, 33, 33, 0, 8, 8, 20, 20, 0, 15, 15, 61, 74, 61, 74, 77, 77, 0, 22, 22, 55, 55, 0, 4, 4, 29, 29, 49, 49, 7, 7, 10, 10, 0, 70, 1, 68, 70, 68, 5, 1, 5, 48, 48, 0, 51, 35, 51, 35, 0, 23, 23, 46, 36, 50, 46, 14, 36, 14, 50, 0, 21, 34, 34, 21, 0, 43, 79, 79, 43, 0, 32, 41, 41, 45, 32, 45, 31, 31, 0, 25, 25, 28, 28, 24, 24, 56, 56, 6, 6, 0, 53, 30, 30, 57, 53, 57, 0, 11, 11, 37, 19, 73, 37, 19, 52, 52, 73, 0, 76, 44, 44, 76, 2, 2, 47, 47, 0, 64, 64, 78, 78, 0, 13, 13, 26, 26, 38, 38, 39, 39, 54, 54, 66, 66, 75, 75]
Average cost: 15514812.00
Improvement: 66.83%
Feasible solutions: 369 for 10000 passes
Iteration numbers of optimal solutions of each run: [352]
All costs of all solutions: [15514812.0]Runtime: 606.24 seconds
Time of experiment: 2025-04-30 11:18:37
------------------
Algorithm: Adaptive Weights Simulated Annealing.
Seed: 42
Best solution cost: 15053386.00
Best solution: [41, 70, 34, 41, 70, 34, 67, 67, 80, 80, 7, 7, 0, 8, 8, 0, 54, 63, 54, 63, 0, 30, 30, 71, 71, 0, 26, 37, 37, 26, 0, 60, 60, 45, 45, 65, 69, 65, 77, 69, 77, 0, 22, 22, 3, 36, 3, 50, 14, 36, 50, 14, 0, 39, 61, 61, 39, 55, 12, 55, 12, 16, 16, 0, 4, 4, 49, 44, 49, 44, 0, 15, 15, 1, 29, 29, 1, 5, 5, 58, 58, 0, 51, 23, 23, 62, 62, 27, 51, 27, 56, 56, 0, 11, 11, 9, 9, 48, 17, 17, 48, 73, 10, 73, 10, 0, 38, 38, 46, 28, 46, 28, 33, 33, 52, 52, 0, 74, 42, 42, 74, 75, 75, 47, 47, 6, 6, 0, 66, 59, 66, 59, 2, 2, 24, 24, 0, 25, 68, 35, 25, 35, 31, 68, 31, 0, 53, 53, 64, 64, 19, 19, 0, 76, 79, 79, 76, 0, 40, 43, 40, 43, 0, 13, 13, 72, 72, 0, 18, 18, 20, 20, 21, 21, 32, 32, 57, 57, 78, 78]
Average cost: 15053386.00
Improvement: 67.81%
Feasible solutions: 491 for 10000 passes
Iteration numbers of optimal solutions of each run: [328]
All costs of all solutions: [15053386.0]Runtime: 602.75 seconds
Time of experiment: 2025-04-30 11:35:53
------------------
Algorithm: Adaptive Weights Simulated Annealing.
Seed: 42
Best solution cost: 12090031.00
Best solution: [41, 51, 23, 41, 23, 29, 51, 29, 0, 32, 68, 68, 69, 32, 69, 33, 33, 0, 60, 60, 64, 64, 0, 70, 21, 21, 70, 20, 20, 0, 61, 42, 67, 61, 67, 3, 3, 42, 7, 7, 0, 54, 63, 63, 54, 0, 15, 15, 11, 11, 62, 17, 62, 27, 17, 27, 0, 18, 18, 35, 55, 35, 55, 28, 36, 28, 36, 0, 8, 8, 73, 50, 73, 14, 14, 50, 0, 66, 66, 12, 72, 72, 12, 0, 71, 71, 65, 65, 80, 80, 0, 4, 4, 34, 59, 59, 34, 16, 16, 10, 10, 0, 25, 1, 25, 9, 45, 45, 9, 1, 0, 76, 44, 44, 76, 5, 5, 2, 2, 24, 24, 0, 40, 40, 13, 79, 13, 75, 79, 75, 0, 57, 37, 57, 77, 37, 77, 47, 47, 0, 53, 30, 53, 30, 19, 19, 52, 52, 0, 38, 38, 49, 48, 49, 48, 56, 56, 6, 6, 0, 39, 39, 26, 46, 46, 58, 58, 26, 0, 22, 74, 22, 74, 31, 31, 0, 43, 43, 78, 78]
Average cost: 12090031.00
Improvement: 74.15%
Feasible solutions: 385 for 10000 passes
Iteration numbers of optimal solutions of each run: [382]
All costs of all solutions: [12090031.0]Runtime: 602.88 seconds
Time of experiment: 2025-04-30 11:48:33
------------------
Algorithm: Adaptive Weights Simulated Annealing.
Seed: 42
Best solution cost: 12108643.00
Best solution: [41, 41, 51, 59, 59, 49, 49, 51, 58, 58, 0, 32, 68, 32, 68, 69, 48, 48, 69, 0, 60, 60, 64, 64, 5, 5, 33, 33, 0, 70, 21, 21, 70, 20, 20, 16, 16, 0, 61, 42, 12, 61, 42, 3, 3, 12, 0, 54, 63, 63, 54, 0, 15, 15, 23, 23, 71, 71, 65, 65, 17, 27, 17, 27, 0, 18, 18, 35, 55, 35, 55, 28, 28, 7, 7, 0, 25, 25, 11, 11, 46, 36, 50, 46, 14, 36, 50, 14, 0, 66, 66, 0, 62, 62, 45, 45, 77, 77, 0, 4, 4, 34, 34, 72, 73, 73, 10, 72, 10, 0, 1, 9, 29, 9, 29, 1, 0, 43, 79, 79, 43, 52, 56, 56, 52, 0, 40, 40, 13, 67, 13, 67, 75, 75, 0, 8, 8, 78, 78, 2, 2, 24, 24, 0, 53, 30, 53, 30, 76, 44, 44, 76, 0, 38, 38, 31, 31, 0, 22, 74, 22, 74, 80, 80, 0, 57, 57, 37, 19, 37, 19, 47, 47, 6, 6, 0, 26, 26, 39, 39]
Average cost: 12707913.40
Improvement: 72.83%
Feasible solutions: 1956 for 50000 passes
Iteration numbers of optimal solutions of each run: [299, 385, 181, 379, 350]
All costs of all solutions: [12108643.0, 12456467.0, 12945563.0, 13408951.0, 12619943.0]Runtime: 3031.39 seconds
Time of experiment: 2025-04-30 13:24:34
------------------
Algorithm: Adaptive Weights Simulated Annealing.
Seed: 1
Best solution cost: 12503219.00
Best solution: [41, 21, 41, 21, 67, 12, 12, 80, 67, 80, 0, 54, 63, 54, 63, 77, 77, 0, 1, 62, 62, 35, 44, 1, 44, 5, 5, 35, 0, 15, 68, 15, 45, 45, 69, 68, 27, 27, 69, 0, 71, 71, 49, 49, 72, 73, 73, 10, 72, 10, 0, 22, 22, 55, 55, 28, 28, 58, 58, 0, 32, 51, 51, 32, 0, 40, 29, 29, 65, 40, 65, 33, 33, 0, 70, 23, 23, 11, 11, 59, 79, 70, 59, 48, 48, 79, 0, 8, 8, 20, 20, 7, 7, 0, 61, 74, 61, 46, 74, 36, 50, 46, 14, 36, 14, 50, 0, 4, 4, 26, 37, 37, 26, 0, 25, 25, 43, 43, 0, 9, 19, 9, 19, 52, 52, 0, 66, 34, 34, 66, 6, 6, 0, 38, 38, 31, 31, 0, 53, 30, 30, 53, 76, 76, 0, 57, 57, 75, 75, 47, 56, 56, 47, 0, 39, 42, 39, 3, 3, 42, 16, 16, 0, 60, 60, 78, 78, 17, 2, 17, 2, 24, 24, 0, 13, 13, 18, 18, 64, 64]
Average cost: 12503219.00
Improvement: 73.27%
Feasible solutions: 1048 for 10000 passes
Iteration numbers of optimal solutions of each run: [1047]
All costs of all solutions: [12503219.0]Runtime: 1500.20 seconds
Time of experiment: 2025-04-30 14:03:05
------------------
Algorithm: Adaptive Weights Simulated Annealing.
Seed: 1
Best solution cost: 11840075.00
Best solution: [41, 41, 23, 23, 11, 11, 71, 71, 69, 27, 27, 69, 0, 32, 79, 32, 79, 0, 9, 35, 9, 65, 65, 35, 80, 10, 80, 10, 0, 8, 8, 46, 36, 50, 46, 14, 36, 14, 50, 0, 62, 62, 45, 45, 12, 72, 72, 12, 0, 18, 18, 67, 42, 67, 3, 3, 42, 0, 66, 66, 0, 39, 61, 61, 39, 74, 74, 28, 28, 33, 33, 0, 51, 59, 59, 49, 49, 51, 17, 58, 17, 58, 0, 15, 70, 15, 68, 34, 34, 68, 70, 20, 20, 0, 1, 29, 29, 5, 1, 5, 48, 48, 0, 4, 4, 26, 37, 37, 26, 16, 16, 0, 25, 25, 76, 44, 76, 44, 0, 57, 57, 31, 31, 24, 56, 24, 56, 6, 6, 0, 54, 21, 54, 21, 2, 73, 2, 52, 52, 73, 0, 63, 64, 63, 64, 0, 53, 30, 30, 53, 19, 19, 47, 47, 0, 38, 38, 78, 78, 7, 7, 0, 22, 55, 55, 22, 77, 77, 0, 60, 40, 60, 40, 13, 13, 75, 75, 0, 43, 43]
Average cost: 11840075.00
Improvement: 74.68%
Feasible solutions: 1014 for 10000 passes
Iteration numbers of optimal solutions of each run: [1013]
All costs of all solutions: [11840075.0]Runtime: 1500.07 seconds
Time of experiment: 2025-04-30 16:42:00
------------------
Algorithm: Adaptive Weights Simulated Annealing.
Seed: 1
Best solution cost: 11536599.00
Best solution: [70, 68, 34, 34, 68, 70, 20, 20, 16, 16, 0, 51, 23, 23, 49, 49, 48, 48, 51, 33, 33, 0, 60, 60, 64, 64, 5, 5, 17, 27, 27, 17, 0, 30, 30, 29, 29, 65, 12, 65, 12, 0, 61, 74, 61, 74, 36, 50, 14, 36, 14, 50, 0, 54, 63, 54, 63, 0, 21, 79, 79, 21, 77, 77, 0, 22, 22, 26, 37, 37, 26, 0, 53, 53, 18, 18, 0, 15, 15, 4, 4, 55, 42, 55, 3, 42, 3, 80, 80, 0, 41, 59, 41, 69, 59, 58, 69, 58, 0, 11, 11, 71, 71, 72, 7, 7, 10, 10, 72, 0, 25, 25, 76, 44, 76, 44, 0, 57, 57, 28, 28, 2, 2, 0, 8, 9, 9, 8, 0, 32, 62, 62, 45, 45, 32, 19, 73, 19, 52, 52, 73, 0, 66, 1, 1, 66, 24, 24, 56, 56, 6, 6, 0, 38, 46, 38, 31, 46, 31, 0, 39, 40, 35, 40, 67, 39, 35, 67, 75, 75, 0, 43, 43, 47, 47, 0, 13, 13, 78, 78]
Average cost: 11536599.00
Improvement: 75.33%
Feasible solutions: 998 for 10000 passes
Iteration numbers of optimal solutions of each run: [997]
All costs of all solutions: [11536599.0]Runtime: 1503.93 seconds
Time of experiment: 2025-04-30 17:50:32
------------------
Algorithm: Adaptive Weights Simulated Annealing.
Seed: 1
Best solution cost: 12792239.00
Best solution: [68, 34, 34, 68, 20, 20, 16, 16, 0, 8, 8, 49, 49, 72, 73, 73, 10, 72, 10, 0, 60, 60, 64, 64, 0, 18, 63, 18, 63, 65, 65, 36, 50, 14, 36, 14, 50, 0, 62, 62, 35, 12, 35, 12, 80, 80, 0, 71, 71, 0, 22, 22, 26, 37, 37, 26, 0, 39, 39, 42, 79, 42, 27, 79, 27, 33, 33, 0, 53, 51, 59, 53, 59, 77, 51, 77, 0, 25, 25, 4, 4, 55, 55, 28, 28, 58, 58, 0, 41, 41, 11, 11, 69, 48, 48, 69, 0, 23, 23, 61, 74, 61, 46, 74, 3, 3, 7, 46, 7, 0, 21, 21, 56, 56, 6, 6, 0, 76, 44, 44, 76, 5, 17, 5, 2, 17, 2, 24, 24, 0, 54, 70, 1, 70, 54, 1, 0, 32, 45, 45, 32, 19, 19, 52, 52, 0, 30, 30, 57, 67, 67, 57, 0, 9, 29, 9, 29, 31, 31, 0, 40, 43, 40, 43, 47, 47, 0, 38, 38, 75, 75, 0, 13, 13, 15, 15, 66, 66, 78, 78]
Average cost: 13655668.80
Improvement: 70.80%
Feasible solutions: 820 for 50000 passes
Iteration numbers of optimal solutions of each run: [154, 171, 101, 169, 220]
All costs of all solutions: [12883859.0, 12792239.0, 15283034.0, 13507270.0, 13811942.0]Runtime: 2026.89 seconds
Time of experiment: 2025-04-30 23:14:37
------------------
Algorithm: Adaptive Weights Simulated Annealing.
Seed: 1
Best solution cost: 12859152.00
Best solution: [23, 23, 11, 11, 74, 37, 74, 28, 28, 58, 58, 37, 0, 54, 63, 63, 54, 20, 20, 16, 16, 0, 60, 60, 40, 29, 40, 29, 65, 12, 65, 12, 0, 30, 30, 62, 62, 72, 73, 73, 10, 72, 10, 0, 55, 42, 42, 55, 80, 80, 0, 18, 18, 0, 15, 15, 64, 64, 5, 5, 17, 27, 27, 17, 0, 22, 22, 34, 59, 34, 59, 77, 77, 0, 53, 70, 41, 68, 41, 53, 70, 69, 48, 68, 48, 69, 0, 46, 3, 3, 36, 50, 46, 14, 36, 50, 14, 0, 21, 61, 21, 61, 7, 7, 33, 33, 0, 4, 4, 26, 26, 0, 25, 1, 25, 44, 44, 1, 47, 47, 0, 76, 76, 0, 38, 51, 38, 49, 49, 2, 2, 51, 24, 24, 0, 32, 45, 45, 32, 31, 31, 0, 66, 66, 19, 19, 52, 52, 0, 9, 71, 71, 9, 56, 56, 6, 6, 0, 39, 35, 79, 35, 39, 75, 79, 75, 0, 57, 67, 67, 57, 0, 8, 8, 13, 13, 43, 43, 78, 78]
Average cost: 13638962.60
Improvement: 70.84%
Feasible solutions: 951 for 50000 passes
Iteration numbers of optimal solutions of each run: [222, 190, 100, 220, 214]
All costs of all solutions: [12859152.0, 13602950.0, 14688457.0, 13654906.0, 13389348.0]Runtime: 2021.62 seconds
Time of experiment: 2025-04-30 23:14:50
------------------
Algorithm: Adaptive Weights Simulated Annealing.
Seed: 42
Best solution cost: 12100117.00
Best solution: [41, 41, 51, 45, 45, 49, 51, 49, 77, 77, 0, 54, 63, 63, 54, 5, 5, 17, 27, 27, 17, 0, 22, 22, 26, 26, 0, 4, 4, 55, 42, 55, 42, 36, 50, 14, 36, 50, 14, 0, 61, 74, 61, 74, 28, 28, 0, 29, 35, 29, 67, 35, 80, 67, 80, 0, 32, 70, 70, 69, 32, 58, 58, 69, 56, 56, 0, 39, 39, 16, 16, 0, 53, 53, 64, 64, 0, 15, 68, 15, 34, 46, 46, 34, 68, 48, 48, 0, 21, 21, 65, 65, 72, 7, 7, 10, 10, 72, 0, 11, 11, 71, 71, 0, 25, 25, 76, 44, 76, 44, 0, 62, 62, 20, 12, 12, 20, 0, 66, 23, 23, 9, 66, 9, 73, 33, 33, 52, 52, 73, 0, 8, 1, 1, 8, 47, 47, 6, 6, 0, 30, 30, 79, 31, 79, 31, 0, 38, 38, 59, 59, 78, 78, 2, 2, 24, 24, 0, 40, 40, 13, 37, 13, 3, 3, 75, 37, 75, 0, 60, 18, 60, 18, 19, 19, 0, 43, 43, 57, 57]
Average cost: 12415502.40
Improvement: 73.45%
Feasible solutions: 3166 for 50000 passes
Iteration numbers of optimal solutions of each run: [644, 687, 640, 552, 638]
All costs of all solutions: [12156396.0, 12100117.0, 12551941.0, 12574032.0, 12695026.0]Runtime: 7539.46 seconds
Time of experiment: 2025-05-02 15:21:05
------------------
Algorithm: Adaptive Weights Simulated Annealing.
Seed: 1
Best solution cost: 12732615.00
Best solution: [70, 18, 18, 70, 69, 48, 48, 69, 0, 8, 8, 49, 49, 72, 7, 7, 10, 10, 72, 0, 22, 22, 34, 46, 46, 34, 17, 27, 27, 17, 56, 56, 0, 66, 66, 33, 33, 0, 61, 67, 12, 61, 12, 67, 80, 80, 50, 14, 14, 50, 0, 74, 79, 74, 28, 28, 58, 79, 58, 0, 32, 41, 41, 51, 32, 51, 65, 65, 77, 77, 0, 40, 40, 35, 55, 35, 42, 42, 55, 0, 53, 11, 11, 62, 53, 62, 20, 20, 0, 15, 15, 4, 4, 26, 26, 0, 21, 68, 37, 37, 21, 68, 16, 16, 0, 23, 59, 23, 59, 0, 38, 38, 31, 36, 36, 31, 0, 9, 71, 9, 71, 19, 73, 19, 52, 52, 73, 0, 63, 76, 76, 63, 5, 5, 2, 2, 24, 24, 0, 25, 1, 25, 45, 45, 1, 0, 30, 30, 29, 29, 78, 78, 0, 43, 43, 47, 47, 6, 6, 0, 57, 57, 3, 3, 75, 75, 0, 60, 60, 64, 44, 44, 64, 0, 13, 13, 39, 39, 54, 54]
Average cost: 12732615.00
Improvement: 72.78%
Feasible solutions: 377 for 10000 passes
Iteration numbers of optimal solutions of each run: [376]
All costs of all solutions: [12732615.0]Runtime: 1508.83 seconds
Time of experiment: 2025-05-02 15:53:40
------------------
Algorithm: Adaptive Weights Simulated Annealing.
Seed: 1
Best solution cost: 12611926.00
Best solution: [41, 70, 41, 11, 11, 9, 70, 9, 27, 27, 0, 61, 42, 67, 61, 67, 3, 42, 3, 7, 7, 0, 8, 8, 77, 77, 0, 30, 59, 30, 59, 17, 58, 17, 58, 0, 74, 46, 74, 36, 50, 46, 14, 36, 50, 14, 0, 22, 68, 22, 34, 34, 68, 20, 20, 0, 15, 15, 71, 71, 65, 12, 65, 12, 16, 16, 0, 40, 29, 40, 29, 69, 48, 48, 69, 33, 33, 0, 53, 21, 37, 53, 21, 37, 0, 64, 64, 72, 73, 73, 10, 72, 10, 0, 1, 23, 23, 35, 1, 5, 5, 35, 80, 80, 0, 4, 4, 26, 26, 0, 25, 25, 55, 55, 75, 75, 0, 76, 76, 52, 56, 56, 52, 0, 32, 62, 62, 49, 49, 32, 0, 51, 57, 57, 28, 28, 2, 51, 2, 24, 24, 0, 54, 63, 44, 63, 44, 54, 0, 38, 38, 79, 19, 79, 19, 47, 47, 6, 6, 0, 39, 45, 45, 39, 31, 31, 0, 60, 18, 18, 60, 78, 78, 0, 13, 13, 43, 43, 66, 66]
Average cost: 12611926.00
Improvement: 73.03%
Feasible solutions: 624 for 10000 passes
Iteration numbers of optimal solutions of each run: [623]
All costs of all solutions: [12611926.0]Runtime: 1503.80 seconds
Time of experiment: 2025-05-02 15:58:58
------------------
Algorithm: Adaptive Weights Simulated Annealing.
Seed: 1
Best solution cost: 12681400.00
Best solution: [41, 23, 41, 23, 62, 12, 62, 72, 72, 12, 0, 64, 64, 0, 22, 22, 34, 34, 49, 49, 27, 27, 0, 30, 30, 20, 20, 16, 16, 0, 61, 74, 61, 46, 74, 3, 3, 7, 46, 7, 0, 18, 63, 18, 5, 63, 5, 48, 48, 56, 56, 0, 15, 68, 15, 59, 69, 68, 17, 17, 69, 59, 33, 33, 0, 35, 79, 35, 28, 28, 58, 79, 58, 0, 53, 53, 45, 45, 65, 65, 77, 77, 0, 32, 32, 26, 37, 37, 26, 0, 11, 11, 71, 71, 36, 50, 14, 36, 50, 14, 0, 4, 4, 55, 42, 42, 55, 80, 10, 80, 10, 0, 25, 25, 43, 43, 47, 47, 6, 6, 0, 76, 76, 0, 54, 70, 1, 70, 44, 54, 1, 44, 0, 51, 9, 9, 78, 78, 2, 2, 51, 24, 24, 0, 21, 29, 29, 21, 0, 8, 8, 31, 31, 0, 39, 39, 19, 73, 19, 52, 52, 73, 0, 60, 40, 60, 40, 13, 67, 67, 13, 75, 75, 0, 38, 38, 57, 57, 66, 66]
Average cost: 12681400.00
Improvement: 72.89%
Feasible solutions: 542 for 10000 passes
Iteration numbers of optimal solutions of each run: [541]
All costs of all solutions: [12681400.0]Runtime: 1501.38 seconds
Time of experiment: 2025-05-02 16:27:18
------------------
Algorithm: Adaptive Weights Simulated Annealing.
Seed: 1
Best solution cost: 12641554.00
Best solution: [41, 70, 23, 41, 23, 11, 11, 70, 20, 20, 0, 22, 68, 22, 46, 46, 69, 48, 68, 48, 69, 0, 60, 60, 64, 64, 49, 17, 49, 17, 33, 33, 0, 66, 66, 12, 12, 80, 36, 80, 50, 36, 50, 0, 61, 42, 61, 3, 42, 3, 16, 16, 0, 18, 63, 18, 63, 5, 5, 77, 77, 0, 1, 34, 34, 44, 44, 1, 58, 58, 0, 35, 55, 35, 55, 28, 73, 28, 73, 0, 53, 59, 53, 59, 72, 7, 7, 10, 10, 72, 0, 15, 15, 51, 45, 45, 51, 65, 65, 14, 14, 0, 21, 79, 21, 27, 27, 79, 0, 4, 4, 26, 37, 37, 26, 0, 25, 25, 9, 71, 9, 71, 0, 19, 19, 47, 47, 6, 6, 0, 54, 40, 40, 29, 29, 54, 52, 56, 56, 52, 0, 32, 62, 62, 32, 78, 78, 2, 2, 24, 24, 0, 30, 30, 76, 76, 0, 38, 38, 31, 31, 0, 39, 74, 74, 39, 75, 75, 0, 57, 67, 67, 57, 0, 8, 8, 13, 13, 43, 43]
Average cost: 12641554.00
Improvement: 72.97%
Feasible solutions: 1073 for 10000 passes
Iteration numbers of optimal solutions of each run: [1072]
All costs of all solutions: [12641554.0]Runtime: 1500.34 seconds
Time of experiment: 2025-05-02 16:54:48
------------------
Algorithm: Adaptive Weights Simulated Annealing.
Seed: 5
Best solution cost: 12197824.00
Best solution: [41, 21, 41, 79, 79, 21, 0, 71, 71, 65, 12, 65, 12, 36, 50, 36, 50, 0, 22, 22, 74, 74, 3, 3, 80, 80, 0, 30, 34, 34, 30, 20, 20, 16, 16, 0, 62, 62, 45, 45, 72, 73, 73, 10, 72, 10, 0, 64, 64, 0, 25, 25, 55, 46, 55, 46, 7, 7, 0, 18, 18, 49, 49, 69, 48, 48, 69, 33, 33, 0, 53, 70, 1, 68, 53, 68, 70, 44, 44, 1, 0, 15, 15, 4, 4, 61, 67, 67, 61, 14, 14, 0, 23, 59, 23, 42, 42, 17, 59, 27, 17, 27, 0, 11, 11, 26, 37, 37, 26, 0, 38, 38, 28, 28, 2, 2, 24, 24, 6, 6, 0, 76, 76, 47, 56, 56, 47, 0, 51, 43, 43, 5, 77, 5, 58, 51, 58, 77, 0, 32, 29, 32, 29, 78, 78, 0, 54, 63, 9, 9, 54, 63, 0, 8, 8, 19, 19, 52, 52, 0, 39, 35, 35, 39, 75, 75, 0, 60, 40, 60, 40, 13, 13, 31, 31, 0, 57, 57, 66, 66]
Average cost: 12197824.00
Improvement: 73.92%
Feasible solutions: 675 for 10000 passes
Iteration numbers of optimal solutions of each run: [674]
All costs of all solutions: [12197824.0]Runtime: 1500.68 seconds
Time of experiment: 2025-05-02 20:50:34
------------------
Algorithm: Adaptive Weights Simulated Annealing.
Seed: 5
Best solution cost: 12197824.00
Best solution: [41, 21, 41, 79, 79, 21, 0, 71, 71, 65, 12, 65, 12, 36, 50, 36, 50, 0, 22, 22, 74, 74, 3, 3, 80, 80, 0, 30, 34, 34, 30, 20, 20, 16, 16, 0, 62, 62, 45, 45, 72, 73, 73, 10, 72, 10, 0, 64, 64, 0, 25, 25, 55, 46, 55, 46, 7, 7, 0, 18, 18, 49, 49, 69, 48, 48, 69, 33, 33, 0, 53, 70, 1, 68, 53, 68, 70, 44, 44, 1, 0, 15, 15, 4, 4, 61, 67, 67, 61, 14, 14, 0, 23, 59, 23, 42, 42, 17, 59, 27, 17, 27, 0, 11, 11, 26, 37, 37, 26, 0, 38, 38, 28, 28, 2, 2, 24, 24, 6, 6, 0, 76, 76, 47, 56, 56, 47, 0, 51, 43, 43, 5, 77, 5, 58, 51, 58, 77, 0, 32, 29, 32, 29, 78, 78, 0, 54, 63, 9, 9, 54, 63, 0, 8, 8, 19, 19, 52, 52, 0, 39, 35, 35, 39, 75, 75, 0, 60, 40, 60, 40, 13, 13, 31, 31, 0, 57, 57, 66, 66]
Average cost: 12197824.00
Improvement: 73.92%
Feasible solutions: 608 for 10000 passes
Iteration numbers of optimal solutions of each run: [607]
All costs of all solutions: [12197824.0]Runtime: 1512.75 seconds
Time of experiment: 2025-05-03 13:39:44
------------------
Algorithm: Adaptive Weights Simulated Annealing.
Seed: 5
Best solution cost: 11688555.00
Best solution: [41, 59, 41, 46, 46, 17, 59, 58, 17, 58, 0, 32, 51, 51, 32, 20, 20, 80, 80, 0, 60, 60, 64, 64, 49, 49, 72, 73, 73, 10, 72, 10, 0, 66, 66, 0, 55, 42, 55, 3, 42, 3, 7, 7, 0, 18, 63, 18, 5, 63, 5, 27, 27, 0, 70, 54, 70, 54, 65, 65, 16, 16, 50, 14, 50, 14, 0, 39, 61, 61, 39, 74, 67, 67, 74, 28, 28, 33, 33, 0, 4, 4, 68, 26, 68, 26, 0, 15, 15, 23, 23, 62, 62, 35, 12, 35, 12, 0, 21, 21, 77, 77, 0, 11, 11, 69, 48, 48, 69, 0, 25, 25, 76, 44, 44, 76, 47, 47, 6, 6, 0, 71, 9, 71, 9, 2, 2, 0, 22, 34, 36, 22, 34, 24, 24, 36, 0, 8, 1, 8, 1, 0, 53, 30, 30, 57, 53, 37, 57, 75, 37, 75, 0, 38, 38, 78, 78, 0, 40, 40, 13, 79, 13, 31, 79, 31, 0, 29, 45, 45, 29, 19, 19, 52, 56, 56, 52, 0, 43, 43]
Average cost: 11830410.50
Improvement: 74.71%
Feasible solutions: 989 for 20000 passes
Iteration numbers of optimal solutions of each run: [460, 527]
All costs of all solutions: [11972266.0, 11688555.0]Runtime: 3001.66 seconds
Time of experiment: 2025-05-03 15:12:14
------------------
Algorithm: Adaptive Weights Simulated Annealing.
Seed: 5
Best solution cost: 11255427.00
Best solution: [8, 8, 49, 49, 69, 48, 48, 69, 0, 41, 1, 41, 23, 23, 29, 29, 1, 0, 22, 22, 55, 55, 80, 10, 80, 10, 0, 66, 66, 65, 73, 65, 73, 0, 61, 42, 61, 42, 28, 28, 33, 33, 0, 18, 63, 18, 45, 45, 63, 0, 15, 15, 4, 4, 26, 37, 37, 26, 0, 64, 64, 0, 53, 70, 68, 34, 34, 53, 70, 68, 20, 20, 0, 25, 25, 11, 11, 71, 71, 12, 72, 72, 12, 0, 59, 17, 59, 27, 27, 17, 0, 74, 46, 74, 3, 3, 36, 50, 46, 14, 36, 14, 50, 0, 38, 38, 31, 31, 0, 76, 44, 44, 76, 0, 57, 67, 57, 67, 16, 7, 7, 16, 0, 32, 51, 9, 32, 9, 78, 78, 51, 24, 24, 0, 30, 62, 30, 62, 19, 19, 47, 47, 6, 6, 0, 54, 21, 54, 5, 21, 5, 2, 2, 0, 39, 35, 39, 35, 58, 77, 58, 77, 52, 56, 56, 52, 0, 60, 40, 60, 40, 13, 79, 13, 75, 79, 75, 0, 43, 43]
Average cost: 11389360.00
Improvement: 75.65%
Feasible solutions: 4502 for 20000 passes
Iteration numbers of optimal solutions of each run: [2326, 2174]
All costs of all solutions: [11255427.0, 11523293.0]Runtime: 3000.14 seconds
Time of experiment: 2025-05-03 16:05:48
------------------
Algorithm: Adaptive Weights Simulated Annealing.
Seed: 5
Best solution cost: 11554358.00
Best solution: [41, 41, 11, 11, 71, 71, 77, 77, 0, 18, 18, 35, 12, 35, 12, 16, 16, 0, 8, 8, 65, 65, 80, 36, 80, 50, 14, 36, 14, 50, 0, 54, 63, 54, 63, 5, 5, 72, 73, 73, 10, 72, 10, 0, 9, 79, 9, 27, 27, 79, 0, 64, 64, 20, 20, 0, 25, 25, 4, 4, 26, 37, 37, 26, 0, 22, 22, 34, 59, 34, 59, 69, 48, 48, 69, 0, 53, 53, 62, 62, 45, 45, 17, 58, 17, 58, 0, 15, 15, 61, 42, 61, 42, 28, 28, 0, 55, 46, 55, 3, 3, 7, 46, 7, 0, 51, 23, 23, 29, 51, 29, 33, 33, 0, 57, 57, 19, 19, 47, 47, 0, 43, 43, 0, 70, 1, 21, 68, 68, 70, 44, 1, 44, 21, 52, 52, 0, 32, 49, 49, 32, 24, 24, 0, 30, 30, 76, 76, 0, 38, 38, 78, 78, 2, 2, 56, 56, 6, 6, 0, 39, 74, 39, 74, 31, 31, 0, 60, 40, 60, 40, 13, 67, 13, 67, 75, 75, 0, 66, 66]
Average cost: 11573144.50
Improvement: 75.26%
Feasible solutions: 4150 for 20000 passes
Iteration numbers of optimal solutions of each run: [2054, 2094]
All costs of all solutions: [11554358.0, 11591931.0]Runtime: 3002.28 seconds
Time of experiment: 2025-05-03 17:18:14
------------------
Algorithm: Adaptive Weights Simulated Annealing.
Seed: 5
Best solution cost: 11507515.00
Best solution: [41, 41, 11, 11, 71, 71, 65, 12, 65, 72, 12, 72, 0, 40, 62, 62, 45, 45, 40, 69, 48, 48, 69, 0, 60, 60, 64, 64, 5, 17, 5, 58, 17, 58, 0, 8, 8, 20, 20, 0, 61, 35, 42, 61, 35, 42, 80, 10, 80, 10, 0, 54, 63, 54, 63, 0, 66, 66, 49, 49, 77, 77, 0, 39, 39, 74, 46, 74, 3, 3, 46, 16, 16, 0, 53, 70, 1, 68, 53, 70, 68, 44, 1, 44, 0, 15, 15, 23, 59, 23, 79, 59, 27, 79, 27, 33, 33, 0, 55, 55, 28, 28, 7, 50, 7, 14, 50, 14, 0, 4, 4, 26, 37, 37, 26, 0, 51, 43, 51, 43, 0, 76, 76, 2, 2, 24, 24, 0, 32, 21, 32, 21, 47, 47, 0, 25, 34, 25, 34, 78, 78, 56, 56, 6, 6, 0, 30, 30, 57, 67, 57, 75, 67, 75, 0, 38, 38, 31, 36, 36, 31, 0, 22, 9, 22, 19, 9, 73, 19, 52, 52, 73, 0, 18, 29, 29, 18, 0, 13, 13]
Average cost: 11547546.50
Improvement: 75.31%
Feasible solutions: 4136 for 20000 passes
Iteration numbers of optimal solutions of each run: [1988, 2146]
All costs of all solutions: [11587578.0, 11507515.0]Runtime: 3001.02 seconds
Time of experiment: 2025-05-03 19:11:16
------------------
Algorithm: Adaptive Weights Simulated Annealing.
Seed: 5
Best solution cost: 11495463.00
Best solution: [4, 4, 46, 36, 50, 46, 14, 36, 14, 50, 0, 8, 8, 49, 49, 72, 7, 7, 10, 10, 72, 0, 60, 60, 64, 64, 5, 5, 17, 27, 27, 17, 0, 30, 30, 26, 26, 0, 29, 29, 77, 77, 33, 33, 0, 18, 18, 35, 12, 35, 12, 16, 16, 0, 32, 70, 32, 70, 20, 20, 0, 39, 61, 39, 61, 55, 42, 42, 55, 3, 3, 80, 80, 0, 53, 68, 62, 53, 62, 45, 45, 68, 69, 48, 69, 48, 0, 15, 41, 15, 41, 11, 11, 71, 71, 65, 73, 65, 73, 0, 21, 37, 37, 21, 0, 23, 51, 23, 9, 79, 9, 51, 58, 79, 58, 0, 25, 34, 25, 34, 78, 78, 0, 57, 57, 28, 28, 2, 2, 24, 24, 0, 66, 1, 66, 1, 0, 76, 76, 52, 56, 56, 52, 0, 40, 40, 13, 67, 13, 67, 75, 75, 0, 54, 63, 44, 54, 63, 44, 0, 22, 74, 22, 74, 31, 31, 0, 38, 38, 59, 59, 19, 19, 47, 47, 6, 6, 0, 43, 43]
Average cost: 11810542.00
Improvement: 74.75%
Feasible solutions: 4125 for 20000 passes
Iteration numbers of optimal solutions of each run: [2139, 1984]
All costs of all solutions: [11495463.0, 12125621.0]Runtime: 3000.54 seconds
Time of experiment: 2025-05-04 18:29:48
------------------
Algorithm: Adaptive Weights Simulated Annealing.
Seed: 5
Best solution cost: 10851619.00
Best solution: [41, 41, 11, 11, 71, 71, 69, 48, 48, 69, 33, 33, 0, 18, 63, 18, 63, 0, 60, 60, 45, 45, 65, 12, 65, 12, 16, 16, 0, 8, 8, 20, 20, 80, 36, 80, 50, 14, 36, 14, 50, 0, 61, 61, 55, 42, 55, 3, 3, 42, 7, 7, 0, 54, 70, 70, 44, 44, 54, 5, 5, 17, 27, 17, 27, 0, 66, 66, 72, 73, 73, 10, 72, 10, 0, 64, 64, 0, 53, 21, 37, 53, 37, 21, 0, 15, 15, 23, 23, 62, 62, 49, 49, 0, 68, 1, 9, 68, 9, 1, 0, 4, 4, 74, 79, 74, 28, 28, 58, 79, 58, 0, 25, 25, 76, 76, 0, 43, 43, 47, 47, 6, 6, 0, 40, 40, 13, 13, 31, 31, 0, 32, 29, 32, 29, 19, 19, 52, 56, 56, 52, 0, 30, 30, 57, 67, 67, 57, 0, 38, 51, 38, 59, 59, 78, 51, 78, 2, 2, 0, 39, 35, 35, 46, 39, 46, 75, 75, 0, 22, 22, 34, 26, 34, 77, 77, 26, 24, 24, 0]
Average cost: 11173541.00
Improvement: 76.11%
Feasible solutions: 4692 for 20000 passes
Iteration numbers of optimal solutions of each run: [2208, 2482]
All costs of all solutions: [11495463.0, 10851619.0]Runtime: 3000.18 seconds
Time of experiment: 2025-05-04 19:23:59
------------------
