Algorithm: Adaptive Weights Simulated Annealing.
Seed: 334
Best solution cost: 26785837.00
Best solution: [88, 88, 0, 27, 27, 17, 48, 48, 17, 0, 115, 115, 62, 62, 127, 127, 0, 108, 108, 94, 94, 0, 129, 129, 122, 91, 122, 10, 10, 91, 0, 61, 109, 61, 109, 53, 53, 0, 54, 54, 0, 113, 113, 83, 83, 77, 77, 0, 32, 32, 22, 68, 22, 70, 7, 7, 68, 70, 0, 15, 15, 95, 82, 82, 95, 112, 112, 0, 84, 41, 84, 41, 110, 110, 20, 20, 0, 106, 34, 34, 106, 64, 64, 0, 103, 103, 90, 90, 125, 81, 125, 81, 0, 105, 105, 11, 11, 30, 30, 0, 55, 55, 37, 36, 14, 14, 37, 36, 0, 80, 80, 50, 18, 18, 56, 50, 12, 56, 12, 0, 98, 114, 98, 58, 58, 65, 114, 65, 0, 121, 121, 89, 59, 89, 59, 0, 97, 97, 0, 73, 1, 1, 35, 73, 35, 0, 60, 5, 5, 60, 0, 123, 8, 123, 63, 8, 39, 63, 39, 0, 85, 85, 111, 40, 111, 40, 0, 126, 99, 126, 99, 0, 2, 2, 120, 120, 116, 116, 76, 76, 0, 93, 93, 24, 24, 0, 33, 69, 69, 33, 0, 6, 44, 44, 6, 13, 79, 79, 13, 0, 19, 19, 47, 47, 71, 71, 0, 26, 26, 0, 107, 107, 92, 92, 57, 57, 0, 96, 96, 119, 119, 0, 23, 67, 67, 23, 78, 78, 0, 3, 21, 3, 21, 0, 38, 38, 0, 9, 104, 9, 104, 0, 25, 25, 43, 51, 43, 51, 0, 42, 42, 31, 31, 128, 128, 0, 29, 29, 52, 101, 52, 101, 0, 74, 124, 74, 124, 28, 46, 46, 28, 0, 4, 4, 16, 16, 45, 45, 49, 49, 66, 66, 72, 72, 75, 75, 86, 86, 87, 87, 100, 100, 102, 102, 117, 117, 118, 118, 130, 130]
Average cost: 28592630.80
Improvement: 62.69%
Feasible solutions: 8515 for 100000 passes
Operator usage: [5984, 6064, 43948, 37959, 6045, 6375, 6261, 6532, 8800, 32100, 39932]
Iteration numbers of optimal solutions of each run: [9862, 9842, 9925, 9999, 9499, 9642, 9930, 9980, 9910, 9971]
Runtime: 3555.81 seconds
Time of experiment: 2025-03-31 01:46:01
------------------
Algorithm: Adaptive Weights Simulated Annealing.
Seed: 110
Best solution cost: 18019652.00
Best solution: [11, 11, 111, 63, 63, 111, 0, 22, 22, 26, 26, 0, 60, 44, 60, 44, 0, 74, 67, 74, 92, 67, 46, 92, 46, 0, 114, 102, 102, 114, 117, 117, 0, 66, 66, 122, 91, 94, 94, 122, 91, 0, 25, 25, 0, 33, 33, 0, 123, 98, 98, 96, 123, 96, 59, 7, 7, 59, 64, 64, 0, 34, 1, 37, 34, 1, 39, 37, 39, 0, 88, 88, 130, 61, 61, 130, 110, 68, 110, 68, 20, 20, 0, 16, 16, 80, 80, 10, 53, 30, 10, 53, 30, 0, 103, 103, 4, 4, 104, 79, 79, 104, 0, 105, 105, 97, 97, 0, 23, 23, 55, 109, 55, 109, 0, 32, 41, 41, 82, 32, 82, 0, 84, 95, 95, 84, 65, 127, 65, 127, 0, 3, 50, 3, 118, 118, 9, 17, 9, 17, 50, 0, 5, 5, 112, 112, 28, 36, 28, 77, 36, 77, 0, 129, 129, 125, 81, 125, 12, 81, 12, 0, 115, 113, 113, 115, 0, 42, 107, 42, 107, 70, 43, 70, 43, 0, 6, 73, 6, 13, 13, 73, 0, 21, 121, 121, 29, 29, 21, 128, 128, 0, 100, 100, 62, 62, 40, 24, 24, 40, 0, 38, 38, 31, 51, 51, 31, 0, 27, 49, 27, 49, 78, 101, 78, 56, 56, 57, 101, 57, 0, 75, 89, 89, 75, 0, 72, 120, 120, 72, 0, 45, 18, 45, 18, 0, 83, 48, 48, 83, 0, 87, 69, 87, 52, 69, 35, 52, 35, 0, 86, 86, 124, 99, 99, 124, 0, 106, 15, 15, 54, 106, 54, 0, 126, 58, 126, 58, 0, 108, 108, 0, 119, 119, 116, 116, 76, 76, 0, 19, 90, 90, 19, 47, 47, 71, 14, 71, 14, 0, 93, 93, 0, 8, 8, 0, 2, 2, 85, 85]
Average cost: 18019652.00
Improvement: 76.48%
Feasible solutions: 3001 for 10000 passes
Iteration numbers of optimal solutions of each run: [2910]
All costs of all solutions: [18019652.0]Runtime: 3426.28 seconds
Time of experiment: 2025-04-09 13:30:01
------------------
18092515.0 [ 66  66  90  18  90  18   0  33  33 112  70 112  28  28  70   0 129 129
 122  81  35 122  35  81   0  55  55  25  25  59  51  59  77  51  77   0
 124 109 124 109  10  53  30  10  30  53   0  99  61  61  99  92  46  92
  46   0  80  80 120 120 111  63  63 111   0  73  96  96  73  37  36  14
  36  14  37   0 103 103  97  97   0 106   1 106   1   0  21  50  50  21
   0   3   3 118 118   0 121  41  41 121   9  40  40   9  56  56  20  20
   0 105 105  23  23   4   4   7   7   0  11  11 107 107  26  26   0  15
  15  16  16 110  68  68 110  64  64   0  84  98  98 114  84 114  45  17
  45  17   0 126  82 126  65  82 127  65 127  12  12   0   5   5 117 117
  39  39   0  54  54   0  27  49  27  49  58  29  58  29   0 123  42  74
  74 123  42  31  31   0  85  85  62  62  78  78   0 100 100  79  43  79
  43   0  87  69  69  87 128 128   0  88  34  34  88   0  60 113  60 113
  52  91  91  52   0   6  44   6  44  83  48  48  83   0  72 102 102 130
 130  72   0   0 116 116  57  57   0   8   8   0  38  67  38 119  67 119
   0  86  86  22 101  22 101   0   2   2 108 125 108  94 125  94  71  71
   0  13  13   0  32 104  32 104   0  75  89  89  75   0  93  93  47  47
  76  76   0  19  95  19  24  24  95   0 115 115]
18619264.0 [ 88  88 117 117   0 104 104  94  94  64  64   0 115  69  69 115   0  55
  55  25  25  70   7   7  53  30  53  30  70   0  97  97   0  11  11  79
  59  51  79  59  77  51  77   0  80  80 118 118   9  40   9  40   0  33
  33   0 103 103  50  34  50  65  34 127  65 127   0   3   3 126  89 126
  89  39  39   0 121 121  54  90  90  54  81  35  35  81  10  10   0  84
  84  62  62  63  83  83  63   0  66  66   0 105 105  23  23 107 107  26
  26   0   4   4  61 109  61 109   0  15  15  16  16  28  28  12  12   0
  21  41  41  21 112 112   0  67 120 120  37  67  46  36  46  14  36  14
  37   0   5   5  29  29  45  17  17  45  48  48   0 102 102 130 130 110
  68 110  68  20  20   0  93  93  13  13   0  60  58  60  58   0   2   2
  24  24   0  19  19  52 122  91 122  91  52  71  71   0   8  95  95   8
 128 128   0 116 116  57  57   0  27  49  27  49  73  22 101 101  22  73
   0   6  44   6  44   0  87  82  87  47  82  56  56  47   0   0 119 119
   0 106 129 106 129 125 125  76  76   0  86  86 124  99 124  99   0  42
  74  42  74   1  31   1  31   0 123  98  98  38  38 123  92  92   0 108
 108   0  32  96  96 111  32 111   0 100 100  43  43   0 113  18  18 113
   0  75 114 114  75  78  78   0  72  72  85  85]
New best solution found at iteration 5994: 18194548.0 [ 80  80  37  28  36  28  77  36  77  37   0  33  33 125 125 127 127   0
 105 105  23  59  23  59  64  64   0  97  97   0 126  82 126  82  65  35
  65   7   7  35   0 129 129   0  34  68  70  34  70  48  68  48   0  44
 113  44 113   0 103  41  41 103   4   4 110 110  20  20   0   3   3 114
 102 102 114  90  18  90  18   0  88  88  99  99   0  16  16 120 120 104
  63 104  63   0  66  66  39  39   0  60  60  73  55  73  55  10  53  30
  10  53  30   0  11  11 107 107  26  26   0  15  15  54  54  81  94  94
  12  81  12   0  84  95  95  84   0 123  96  96 123  25  25   0   5   5
  58  58  62  62 112 112   0  22  61  61  22  92  46  92  46   0  49  27
  49  27 130  67 109  67 130 109   0  74 124 124  74 119 119 116  51 116
  51   0  69  87  69  87 128 128   0 106 121 121 117 106 117   0   2   2
  29  45  45  29   0  21  32  32  21   0  72  42  42  72   9  83   9  83
   0   6   6  40  24  24  40  76  76   0  85  85  89  43  89  43   0  13
 101  13 101   0  50 118 118  78  78  50   0  71  14  71  14   0  38  38
   1  31  31   1   0  98  98 100 100 111  79  17  17  79 111   0  19  19
  47  91  47  57  91  57   0 108 108  52 122 122  52   0   8   8   0  86
  86   0  93  93  56  56   0  75  75   0 115 115]
  18370608.0 [ 84 114 114  84  82  40  40  82   0  42  42  54  54   0 105 105  62  62
 112 112  28  36  28  14  36  14   0  44 113 113  44   0  33  33 125 125
 127 127   0  96  23  96  23  89   9  63   9  89  63   0 118 118   7   7
   0   5  73   5  29  29  35 101  35 101  10  73  10   0  98  98 129 129
 122  65  56  56 122  65   0  15  15 103 103  59  59  64  64   0  16  16
  41  41 107 107  26  26  39  39   0   3   3  66  66   0   0  60  60  99
  67  67  99   0   4   4   0  11  11 117 117  81  94  94  12  81  12   0
 123  74  74 123  68  92  70  92  68  70   0  55  55  25  25  20  20  30
  53  30  53   0   0 124  61  61 124  37 110 110  77  37  77   0 115  69
  58  69  58 115  47  47  76  76   0   2   2 120 120 111 104 111 104   0
  85  85  83  48  48  83   0  88  34  34  88  24  24   0  75  75  90  18
  90  18 128 128   0  21  32  32  21   0  27  49  27  49 108 108   0 126
 126  95  45  17  45  17  95   0  72 102 102 130 130  72   0   0 116 116
  57  57   0   8   1   8   1   0 106 121 121  97 106  97   0  93  93   0
  19  19  52  91  91  52   0  13  13  46  46  71  71   0  80  50  80 119
 119  78  78  50   0  86  86  22 109  22 109   0 100 100  79  43  79  43
   0  38  38  31  51  51  31   0   6   6  87  87]
17742032.0 [ 15  15  16  16  41  41 117 117  39  39   0  74  74  34   9  34  40   9
  40   0 105 105  11  11  89 111  89 111   0  60  60 102 102  90  83  83
  94  90  94   0 126 126  22  22  36  53  14  53  36  14   0  96  96  23
  23  62  62  18  18   0  25  25   0  73  55  55  73 110 110  64  64   0
  80  80  26  26   0  21  50  50  21   0  88  88 130 130  46  10  10  30
  46  30   0 123  42 123  42 118 118  28  28   0  32  82  32  82  81  91
  12  91  81  12   0  49  49  33  33 125 125  48  48   0   4   4  68  92
  70  92  70  68  20  20   0 103 103  59  51  59  77  51  77   0  84  98
  98 114  84  65 114 127  65 127   0   3   3 121 121 120 120 104  79  79
 104   0   5   5  58  95  95  58  45  17  17  45   0  97  97   0 115  69
 113  69 113 115   0  19  67  67  37  37  19 128 128   0  87  87   0 106
  54 106  54   0 100 100 107  61 109  61 107 109   0  66   1  66   1   0
  72  27  27 112 112  72   0   2  44   2 108 108  44   0  85  85  43  43
   0  52  35  52   7   7  35   0 119 119   0 129  29  29 122 129  47  47
  57 122  57   0  86  86 124  99  99 124 116 116  71  71   0  38  38  31
  63  31  63   0   8   8   0  78  78   0   0  75  75   0  24  24  56  56
  76  76   0  93  93  13 101  13 101   0   6   6]
  18898980.0 [ 88  88  90  18  90  18   0  42  42 118  51 118   7   7  77  51  77   0
  44  27  27 113 113  44  81  35  35  81   0  16  16  41  41  23  23   9
  40   9  40   0 117 117   0  74  61  61  74  68 110  68 110  64  64   0
 107 107  26  26  39  39   0   5   5  99  67  67  99  59  70  59  70  20
  20   0 123  98  98  96  96  55 123  55   0  15  15   4   4  45  17  17
  45   0  21  50  50  21  91  94  94  12  91  12   0 103 103  11  11 109
  10 109  30  10  14  30  14   0  66  66   0  60  60  73 124 124  73   0
  54  54   0   3   3 121 121  62  62 112 112  46  53  46  53   0  84  84
  22  22  92  92  28  28   0 106  34  34  63 106  63   0  33  33 122 125
 125 127 122 127   0  95  29  29  65  95  56  56  65   0 105 105   1  25
  25  31   1  31   0 100 100 111 104 111 104   0  85  85  79  78  78  79
   0  32  58  32  58  24  24   0  75  89  89  75   0 126 114  82 126  82
 114   0  49  49 130 120 120 130 116 101 116  57 101  57   0  87  69  69
  87  52  52   0   2   2  13  37  13  36  71  71  36  37   0   0   0  86
  86  43  43   0  38  38   0  93  93  83  48  48  83   0  19  19 128 128
   0 108 108   0  80  80 119 119   0   8   8   0  97  97   0 129 102 102
 129  47  47  76  76   0   6   6  72  72 115 115]
 18894382.0 [ 88  88  82  40  40  65  82  56  56  12  65  12   0  60  60  73 124 124
  73 110 110  48  48   0  27  27  33  33  94  94  64  64   0  74  74 118
 118 111  79  79 111   0  96  96 117 117  35 127 127  35   0 107 107  92
  68  70  92  70  68  20  20   0  22  22  37  36  46  46  77  36  37  77
   0   5   5 120  61 120 104  61  51  51 104   0 103 103  11  11   9  17
  63  17   9  63   0  21  50  50  21   0  16  16  41  34  41  34  62  62
 112 112  28  28   0   4   4  10  53  30  10  30  53   0 121 121  97  97
 125  81 125   7   7  81   0 115  69  69 115   0  23  23  55 109 109  55
   0   3   3  15  15  54  54   0  84  95  95  84  83  83   0 102 102 108
 108   0  39  39   0  58  58   0  49  49 113  18  18 113   0 123  98  98
  38  38 123 119 119   0  85  85   0  31  31   0   8  90  90   8  47  47
  76  76   0  66   1  66   1   0   2   2  24  24   0  42  80  80  42  25
  25  71  14  71  14   0  44  93  93  44   0  13 101  13 101   0  26  59
  59  26   0 126  29 126  29   0  19 114 114  19  52 122  91 122  91  52
   0 106 129 129 106   0  87  87 128 128   0 130 130   0  32  45  45  32
  78  78   0  86  86 100  89 100  43  89  43   0  67  99  99  67 116 116
  57  57   0  75  75   0   6   6  72  72 105 105]
  17805663.0 [123  55  55 123  37  36  46  46  77  36  77  37   0  60  60 108 108 117
 117  39  39   0 115  69  69 115  65  12  65  12   0  42  96  96  42  25
  25   7   7   0 113 113   0  74  74  68  28  28  68   0  11  11 104  63
 104  63   0   5   5  58  40  40  58   0  84  98  98 114 114  84  90  18
  90  18   0  15  15  16  16 110 110  64  64   0  21  50  50  21 125 125
   0 103 103   4   4   0  32  41  41  82  82  32  56  56   0  27  27 107
 107  92  92   0  23  23  67 120 120 109  67 109   0  80  80 118 118  59
  70  59  70  20  20   0 126  73 126  99  99  73  10  53  30  10  53  30
   0  88  88  22  61  61  22   0  81  35  35  81   0  33  33  94  94   0
 105 105  83  48  48  83   0  54 111  54 111   0  85  85  62  62  78  78
   0 106   3   3 121 121  97 106  97   0   8   8 128 128   0  66  34  34
   9   9  66   0  44  87  87  44   0  49 102  49 130 102 130 116 116  57
  57   0  72 124 124  72   0   0 119 119  79  76  79  76   0  19  19  45
  17  45  17   0 129  29  29 129  52 122  91 122  91  52   0  75  75  47
  47  71  14  71  14   0   2   2  95  24  95  24   0  13 101  13 101   0
   1  26  26   1   0  86  86 100  89 100  43  43  89   0  93  93 112 127
 127 112   0  38  38  31  51  51  31   0   6   6]

 Why is feasibility check taking the most time. Checking to often?
------------------
Algorithm: Adaptive Weights Simulated Annealing.
Seed: 42
Best solution cost: 19869955.00
Best solution: [3, 3, 66, 66, 59, 51, 59, 77, 51, 77, 0, 126, 126, 120, 120, 104, 63, 104, 63, 0, 60, 60, 99, 99, 26, 26, 39, 39, 0, 123, 98, 98, 96, 96, 55, 123, 55, 10, 10, 0, 114, 113, 114, 113, 35, 12, 35, 12, 0, 32, 32, 112, 112, 0, 118, 70, 118, 7, 7, 53, 30, 30, 53, 70, 0, 0, 16, 16, 41, 41, 4, 4, 0, 88, 88, 130, 130, 110, 68, 110, 68, 20, 20, 0, 106, 95, 95, 106, 0, 42, 42, 54, 54, 65, 127, 65, 127, 0, 121, 121, 62, 62, 18, 18, 0, 105, 105, 97, 97, 94, 94, 64, 64, 0, 23, 23, 107, 107, 37, 28, 36, 28, 14, 36, 14, 37, 0, 74, 74, 25, 25, 111, 79, 79, 111, 0, 103, 103, 22, 61, 61, 22, 92, 46, 92, 46, 0, 15, 15, 11, 11, 90, 90, 125, 81, 125, 81, 0, 5, 73, 5, 67, 109, 67, 73, 109, 0, 117, 117, 0, 49, 27, 49, 102, 27, 102, 0, 100, 100, 31, 31, 0, 69, 87, 69, 87, 47, 47, 76, 76, 0, 8, 8, 0, 38, 38, 83, 48, 48, 83, 0, 119, 119, 116, 116, 57, 57, 0, 129, 58, 58, 129, 128, 128, 0, 6, 6, 78, 78, 0, 72, 124, 124, 72, 0, 0, 50, 1, 9, 9, 50, 1, 0, 19, 19, 13, 101, 13, 101, 0, 44, 33, 33, 44, 0, 21, 29, 29, 21, 0, 2, 2, 40, 24, 24, 40, 0, 108, 108, 52, 122, 91, 122, 91, 52, 71, 71, 0, 80, 80, 34, 34, 45, 17, 45, 17, 0, 75, 75, 0, 93, 82, 82, 93, 56, 56, 0, 86, 86, 89, 43, 89, 43, 0, 84, 84, 85, 85, 115, 115]
Average cost: 19869955.00
Improvement: 74.07%
Feasible solutions: 387 for 10000 passes
Iteration numbers of optimal solutions of each run: [114]
All costs of all solutions: [19869955.0]Runtime: 384.04 seconds
Time of experiment: 2025-04-29 18:31:59
------------------
Algorithm: Adaptive Weights Simulated Annealing.
Seed: 42
Best solution cost: 20071043.00
Best solution: [74, 67, 67, 74, 118, 68, 37, 118, 68, 48, 48, 37, 0, 120, 120, 104, 63, 104, 63, 0, 105, 105, 99, 99, 59, 51, 59, 77, 51, 77, 0, 123, 98, 98, 55, 55, 123, 25, 25, 83, 83, 0, 113, 90, 113, 90, 122, 91, 94, 94, 122, 91, 0, 126, 69, 69, 126, 117, 117, 39, 39, 0, 34, 34, 62, 62, 112, 112, 28, 36, 28, 36, 0, 5, 5, 29, 95, 95, 29, 82, 45, 45, 82, 0, 3, 3, 121, 121, 107, 107, 26, 26, 0, 88, 88, 130, 130, 46, 10, 46, 10, 0, 15, 15, 16, 16, 22, 61, 22, 92, 92, 61, 64, 64, 0, 84, 73, 84, 73, 70, 53, 30, 30, 53, 70, 0, 66, 66, 65, 127, 65, 127, 7, 7, 0, 60, 60, 33, 33, 81, 35, 35, 12, 81, 12, 0, 11, 11, 9, 17, 9, 17, 56, 56, 0, 42, 96, 96, 41, 42, 41, 18, 18, 0, 103, 103, 23, 23, 4, 4, 110, 110, 0, 54, 54, 0, 108, 108, 125, 125, 20, 20, 0, 129, 129, 0, 27, 102, 27, 102, 0, 38, 38, 31, 31, 0, 44, 87, 87, 44, 0, 116, 116, 57, 57, 0, 19, 19, 128, 128, 0, 119, 119, 0, 2, 2, 0, 93, 93, 78, 78, 0, 85, 85, 89, 43, 43, 89, 0, 0, 0, 106, 97, 106, 97, 0, 86, 86, 124, 109, 124, 109, 0, 21, 58, 58, 21, 52, 52, 76, 76, 0, 114, 100, 100, 111, 79, 79, 114, 111, 0, 13, 101, 13, 101, 0, 32, 80, 80, 50, 32, 50, 40, 24, 24, 40, 0, 75, 75, 0, 71, 14, 71, 14, 0, 8, 1, 8, 1, 0, 6, 6, 47, 47, 49, 49, 72, 72, 115, 115]
Average cost: 20071043.00
Improvement: 73.81%
Feasible solutions: 194 for 10000 passes
Iteration numbers of optimal solutions of each run: [102]
All costs of all solutions: [20071043.0]Runtime: 484.14 seconds
Time of experiment: 2025-04-29 18:41:59
------------------
Algorithm: Adaptive Weights Simulated Annealing.
Seed: 42
Best solution cost: 19569679.00
Best solution: [21, 21, 104, 104, 81, 12, 81, 12, 0, 32, 32, 22, 22, 59, 70, 59, 70, 20, 20, 0, 129, 129, 0, 123, 42, 123, 42, 25, 25, 112, 112, 0, 33, 33, 90, 18, 90, 91, 18, 94, 94, 91, 0, 69, 62, 62, 82, 69, 82, 65, 127, 65, 127, 0, 55, 50, 55, 118, 118, 51, 50, 51, 0, 5, 5, 95, 79, 17, 95, 17, 79, 0, 103, 103, 4, 4, 10, 53, 30, 10, 30, 53, 0, 15, 15, 16, 16, 11, 11, 83, 83, 0, 3, 3, 121, 41, 121, 120, 61, 120, 41, 61, 0, 74, 74, 111, 63, 63, 111, 0, 66, 66, 39, 39, 0, 105, 105, 23, 23, 117, 117, 0, 54, 54, 0, 80, 80, 107, 107, 68, 28, 28, 68, 77, 77, 0, 84, 98, 98, 114, 114, 84, 109, 7, 7, 109, 0, 126, 126, 130, 130, 92, 92, 0, 73, 99, 73, 99, 37, 36, 46, 46, 14, 36, 14, 37, 0, 124, 67, 67, 124, 26, 26, 0, 49, 102, 49, 102, 24, 24, 0, 60, 113, 60, 113, 47, 47, 71, 71, 0, 72, 96, 96, 72, 0, 119, 119, 0, 2, 2, 45, 9, 40, 45, 9, 40, 0, 34, 110, 34, 48, 110, 48, 0, 44, 6, 6, 44, 0, 8, 8, 128, 128, 0, 85, 85, 76, 76, 0, 0, 116, 116, 57, 57, 0, 86, 86, 58, 58, 13, 101, 13, 101, 0, 19, 19, 125, 122, 125, 43, 122, 43, 0, 106, 88, 88, 106, 0, 27, 29, 29, 27, 78, 78, 56, 56, 0, 108, 108, 52, 35, 52, 35, 0, 97, 97, 0, 75, 89, 75, 64, 89, 64, 0, 100, 100, 0, 38, 38, 1, 31, 31, 1, 0, 87, 87, 93, 93, 115, 115]
Average cost: 19569679.00
Improvement: 74.46%
Feasible solutions: 422 for 10000 passes
Iteration numbers of optimal solutions of each run: [298]
All costs of all solutions: [19569679.0]Runtime: 391.50 seconds
Time of experiment: 2025-04-29 18:52:43
------------------
Algorithm: Adaptive Weights Simulated Annealing.
Seed: 42
Best solution cost: 18679106.00
Best solution: [80, 80, 34, 68, 70, 34, 70, 48, 68, 48, 0, 96, 96, 4, 4, 10, 53, 30, 10, 53, 30, 0, 105, 105, 11, 11, 104, 63, 63, 104, 0, 55, 109, 55, 109, 0, 124, 67, 67, 124, 0, 74, 41, 74, 118, 41, 118, 0, 37, 28, 36, 28, 77, 36, 77, 37, 0, 44, 113, 113, 44, 81, 7, 7, 81, 0, 84, 98, 98, 114, 114, 84, 62, 62, 83, 83, 39, 39, 0, 15, 15, 16, 16, 110, 110, 64, 64, 0, 32, 32, 22, 61, 61, 22, 92, 46, 92, 46, 0, 123, 42, 42, 123, 25, 25, 18, 18, 0, 66, 66, 79, 59, 51, 59, 51, 79, 0, 49, 49, 102, 82, 102, 82, 40, 40, 20, 20, 0, 23, 23, 107, 107, 26, 26, 0, 21, 50, 21, 125, 50, 56, 56, 125, 0, 103, 103, 117, 117, 0, 126, 126, 108, 108, 94, 12, 94, 12, 0, 5, 73, 5, 99, 99, 73, 0, 33, 33, 0, 115, 129, 115, 129, 52, 122, 122, 52, 0, 2, 2, 13, 101, 13, 101, 0, 6, 6, 112, 35, 35, 112, 0, 116, 116, 76, 76, 0, 86, 86, 58, 9, 9, 58, 0, 3, 106, 3, 121, 121, 97, 97, 106, 128, 128, 0, 60, 29, 29, 60, 78, 78, 0, 89, 43, 43, 89, 0, 85, 85, 0, 0, 119, 119, 0, 38, 38, 31, 17, 17, 31, 0, 100, 100, 71, 14, 71, 14, 0, 88, 1, 88, 1, 0, 19, 90, 90, 19, 47, 91, 47, 57, 91, 57, 0, 130, 120, 120, 130, 0, 54, 111, 111, 54, 0, 69, 87, 69, 87, 0, 93, 93, 45, 45, 24, 24, 0, 75, 95, 75, 65, 95, 127, 127, 65, 0, 8, 8, 27, 27, 72, 72]
Average cost: 18679106.00
Improvement: 75.62%
Feasible solutions: 190 for 10000 passes
Iteration numbers of optimal solutions of each run: [164]
All costs of all solutions: [18679106.0]Runtime: 544.21 seconds
Time of experiment: 2025-04-29 19:06:49
------------------
Algorithm: Adaptive Weights Simulated Annealing.
Seed: 10
Best solution cost: 17716174.00
Best solution: [15, 15, 16, 16, 41, 41, 117, 117, 39, 39, 0, 74, 74, 34, 9, 34, 40, 9, 40, 0, 105, 105, 11, 11, 0, 60, 60, 102, 102, 90, 83, 83, 94, 90, 94, 0, 126, 126, 22, 22, 36, 53, 14, 53, 36, 14, 0, 96, 23, 96, 23, 62, 62, 18, 18, 0, 25, 25, 89, 111, 89, 111, 0, 73, 55, 73, 55, 110, 110, 64, 64, 0, 80, 80, 26, 26, 0, 21, 50, 50, 21, 0, 88, 88, 130, 130, 46, 10, 10, 30, 46, 30, 0, 123, 42, 123, 42, 118, 118, 28, 28, 0, 32, 82, 32, 82, 81, 91, 12, 91, 81, 12, 0, 49, 49, 33, 33, 125, 125, 48, 48, 0, 4, 4, 92, 68, 70, 92, 70, 68, 20, 20, 0, 103, 103, 59, 51, 59, 77, 51, 77, 0, 84, 98, 98, 114, 84, 65, 114, 127, 65, 127, 0, 3, 3, 121, 121, 120, 120, 104, 79, 79, 104, 0, 5, 5, 58, 95, 95, 58, 45, 17, 45, 17, 0, 97, 97, 0, 115, 113, 113, 115, 0, 19, 67, 67, 37, 19, 37, 128, 128, 0, 87, 69, 69, 87, 0, 106, 54, 106, 54, 0, 86, 86, 124, 99, 99, 124, 116, 116, 71, 71, 0, 66, 1, 66, 1, 0, 72, 27, 27, 112, 112, 72, 0, 2, 44, 2, 108, 108, 44, 0, 85, 85, 43, 43, 0, 52, 35, 52, 7, 7, 35, 0, 119, 119, 0, 129, 29, 29, 122, 129, 47, 47, 57, 122, 57, 0, 8, 8, 0, 100, 100, 107, 61, 109, 61, 107, 109, 0, 38, 38, 31, 63, 63, 31, 0, 78, 78, 0, 0, 75, 75, 0, 24, 24, 56, 56, 76, 76, 0, 93, 93, 13, 101, 13, 101, 0, 6, 6]
Average cost: 18319040.30
Improvement: 76.09%
Feasible solutions: 60010 for 100000 passes
Iteration numbers of optimal solutions of each run: [4813, 5964, 5036, 4455, 5700, 5994, 5952, 4819, 4475, 4674]
All costs of all solutions: [17805663.0, 18894382.0, 18898980.0, 17716174.0, 18370608.0, 18194548.0, 18619264.0, 18084148.0, 18279317.0, 18327319.0]Runtime: 125650.38 seconds
Time of experiment: 2025-04-29 23:56:57
------------------
Algorithm: Adaptive Weights Simulated Annealing.
Seed: 42
Best solution cost: 20434207.00
Best solution: [106, 89, 89, 106, 81, 35, 35, 46, 81, 46, 0, 123, 42, 50, 123, 42, 118, 118, 9, 9, 50, 0, 72, 67, 72, 67, 10, 53, 30, 10, 53, 30, 0, 55, 55, 83, 83, 39, 39, 0, 96, 23, 96, 23, 111, 63, 111, 63, 0, 74, 74, 54, 54, 0, 25, 25, 18, 18, 94, 94, 0, 5, 5, 29, 17, 17, 29, 0, 84, 98, 98, 95, 95, 84, 65, 65, 0, 15, 15, 70, 48, 70, 48, 0, 80, 80, 62, 62, 90, 40, 40, 90, 0, 16, 16, 41, 41, 4, 4, 28, 36, 28, 77, 36, 77, 0, 121, 121, 97, 97, 122, 125, 125, 122, 0, 105, 105, 61, 104, 61, 51, 51, 104, 0, 11, 11, 107, 107, 26, 26, 0, 103, 103, 117, 117, 0, 21, 21, 59, 127, 127, 59, 64, 64, 0, 3, 3, 34, 68, 34, 68, 20, 20, 0, 108, 108, 91, 56, 56, 12, 91, 12, 0, 33, 33, 0, 115, 102, 102, 115, 0, 2, 2, 99, 112, 112, 99, 0, 87, 87, 0, 119, 119, 37, 92, 92, 76, 37, 76, 0, 86, 86, 124, 120, 120, 124, 0, 8, 8, 128, 128, 0, 27, 126, 27, 126, 13, 101, 13, 101, 0, 75, 75, 0, 60, 60, 130, 130, 116, 116, 57, 57, 0, 0, 110, 110, 0, 88, 114, 88, 114, 24, 24, 0, 113, 58, 82, 82, 58, 113, 0, 38, 38, 1, 31, 1, 31, 0, 129, 69, 69, 129, 0, 73, 22, 109, 22, 7, 7, 109, 73, 0, 32, 45, 32, 45, 78, 78, 0, 100, 100, 79, 43, 79, 43, 0, 93, 93, 47, 47, 71, 14, 71, 14, 0, 19, 19, 52, 52, 0, 6, 6, 44, 44, 49, 49, 66, 66, 85, 85]
Average cost: 20434207.00
Improvement: 73.33%
Feasible solutions: 173 for 10000 passes
Iteration numbers of optimal solutions of each run: [134]
All costs of all solutions: [20434207.0]Runtime: 664.04 seconds
Time of experiment: 2025-04-30 09:41:25
------------------
Algorithm: Adaptive Weights Simulated Annealing.
Seed: 42
Best solution cost: 19467286.00
Best solution: [54, 54, 81, 48, 48, 81, 0, 74, 74, 25, 25, 7, 7, 0, 105, 105, 22, 22, 68, 110, 110, 68, 20, 20, 0, 60, 60, 102, 82, 82, 102, 65, 127, 65, 127, 0, 113, 113, 112, 70, 112, 28, 28, 70, 0, 97, 97, 63, 83, 83, 63, 0, 23, 23, 89, 111, 89, 111, 0, 5, 5, 117, 117, 39, 39, 0, 123, 55, 55, 118, 123, 118, 0, 3, 3, 80, 80, 50, 92, 92, 51, 50, 51, 0, 84, 114, 84, 114, 0, 16, 16, 41, 41, 104, 79, 79, 104, 0, 103, 103, 59, 37, 59, 77, 77, 37, 0, 72, 73, 61, 61, 73, 72, 30, 53, 53, 30, 0, 67, 99, 67, 99, 26, 26, 0, 126, 126, 108, 108, 125, 35, 125, 12, 35, 12, 0, 98, 96, 98, 96, 4, 4, 46, 46, 14, 14, 0, 124, 109, 124, 109, 10, 10, 0, 33, 33, 18, 101, 18, 94, 94, 101, 0, 9, 17, 9, 56, 17, 56, 64, 64, 0, 44, 129, 95, 95, 44, 129, 128, 128, 0, 75, 90, 75, 90, 47, 47, 57, 57, 0, 85, 85, 62, 62, 24, 24, 0, 15, 121, 15, 11, 121, 11, 43, 43, 0, 1, 31, 1, 31, 0, 106, 66, 106, 66, 0, 27, 49, 27, 49, 0, 42, 107, 42, 107, 36, 71, 36, 71, 0, 2, 2, 130, 120, 120, 130, 0, 0, 119, 119, 116, 116, 0, 21, 21, 0, 8, 8, 0, 88, 34, 34, 40, 88, 40, 0, 19, 19, 52, 122, 91, 122, 91, 52, 0, 13, 13, 0, 32, 29, 32, 29, 78, 78, 0, 69, 87, 69, 87, 0, 100, 100, 76, 76, 0, 86, 86, 58, 45, 45, 58, 0, 6, 6, 38, 38, 93, 93, 115, 115]
Average cost: 19467286.00
Improvement: 74.59%
Feasible solutions: 179 for 10000 passes
Iteration numbers of optimal solutions of each run: [167]
All costs of all solutions: [19467286.0]Runtime: 637.08 seconds
Time of experiment: 2025-04-30 09:55:04
------------------
Algorithm: Adaptive Weights Simulated Annealing.
Seed: 42
Best solution cost: 25292351.00
Best solution: [84, 98, 98, 84, 127, 127, 7, 46, 53, 46, 7, 53, 0, 44, 58, 58, 44, 18, 63, 18, 63, 0, 60, 60, 0, 22, 22, 0, 33, 33, 83, 83, 0, 42, 96, 96, 42, 26, 26, 39, 39, 0, 1, 9, 9, 1, 0, 73, 29, 29, 35, 101, 35, 101, 73, 0, 124, 50, 124, 92, 37, 92, 51, 50, 51, 37, 64, 64, 0, 15, 15, 103, 103, 4, 4, 0, 3, 3, 10, 10, 30, 30, 0, 123, 74, 123, 74, 25, 25, 112, 112, 0, 110, 110, 0, 102, 102, 108, 108, 65, 65, 0, 68, 70, 68, 48, 70, 48, 0, 88, 88, 0, 67, 62, 62, 67, 28, 36, 28, 77, 36, 77, 0, 16, 16, 41, 41, 23, 23, 117, 117, 0, 5, 5, 122, 91, 94, 94, 122, 91, 0, 45, 45, 81, 81, 0, 126, 114, 95, 114, 126, 95, 128, 128, 0, 27, 27, 99, 99, 0, 87, 69, 87, 69, 40, 24, 24, 40, 0, 86, 86, 13, 13, 0, 2, 2, 31, 31, 0, 121, 55, 121, 109, 55, 109, 0, 85, 85, 43, 43, 0, 107, 61, 107, 59, 61, 59, 0, 93, 82, 82, 93, 78, 78, 56, 56, 0, 125, 125, 76, 76, 0, 119, 119, 20, 12, 20, 12, 0, 113, 120, 120, 89, 113, 89, 0, 38, 38, 116, 116, 0, 57, 57, 0, 19, 19, 104, 79, 17, 17, 79, 104, 0, 130, 130, 0, 32, 80, 80, 34, 34, 32, 0, 54, 111, 54, 111, 0, 97, 90, 97, 90, 47, 47, 71, 14, 71, 14, 0, 75, 75, 52, 52, 0, 6, 6, 8, 8, 11, 11, 21, 21, 49, 49, 66, 66, 72, 72, 100, 100, 105, 105, 106, 106, 115, 115, 118, 118, 129, 129]
Average cost: 25292351.00
Improvement: 66.99%
Feasible solutions: 273 for 10000 passes
Iteration numbers of optimal solutions of each run: [100]
All costs of all solutions: [25292351.0]Runtime: 430.62 seconds
Time of experiment: 2025-04-30 10:07:57
------------------
Algorithm: Adaptive Weights Simulated Annealing.
Seed: 42
Best solution cost: 25246716.00
Best solution: [32, 69, 32, 69, 0, 123, 123, 70, 70, 20, 20, 0, 115, 115, 83, 83, 0, 98, 98, 104, 63, 63, 104, 0, 73, 99, 99, 73, 10, 30, 10, 30, 0, 114, 79, 114, 79, 0, 80, 80, 37, 68, 68, 48, 48, 37, 0, 0, 96, 96, 4, 4, 59, 59, 101, 7, 7, 101, 0, 3, 3, 103, 103, 118, 118, 127, 12, 127, 12, 0, 84, 84, 26, 26, 0, 21, 41, 41, 90, 90, 21, 94, 94, 0, 121, 121, 55, 55, 0, 60, 60, 124, 124, 109, 109, 0, 23, 23, 117, 117, 0, 16, 16, 45, 45, 122, 81, 122, 81, 0, 15, 50, 15, 62, 62, 17, 17, 50, 0, 102, 102, 107, 107, 46, 46, 0, 91, 39, 91, 39, 0, 67, 120, 120, 67, 36, 53, 53, 77, 36, 77, 0, 44, 8, 44, 8, 125, 125, 43, 43, 0, 108, 108, 61, 92, 28, 92, 61, 28, 57, 57, 0, 27, 27, 97, 97, 0, 86, 86, 58, 82, 40, 40, 58, 82, 0, 126, 126, 130, 130, 110, 51, 110, 64, 51, 64, 0, 106, 88, 106, 65, 88, 56, 56, 65, 0, 49, 49, 129, 95, 129, 95, 78, 78, 0, 19, 19, 112, 112, 0, 5, 18, 5, 18, 0, 52, 35, 52, 35, 0, 25, 1, 25, 31, 31, 1, 0, 66, 34, 34, 66, 47, 47, 71, 14, 71, 14, 0, 75, 75, 0, 54, 54, 0, 93, 93, 0, 24, 24, 0, 11, 11, 89, 111, 9, 9, 89, 111, 0, 38, 38, 0, 113, 29, 29, 113, 76, 76, 0, 42, 42, 119, 119, 0, 2, 2, 6, 6, 13, 13, 22, 22, 33, 33, 72, 72, 74, 74, 85, 85, 87, 87, 100, 100, 105, 105, 116, 116, 128, 128]
Average cost: 25246716.00
Improvement: 67.05%
Feasible solutions: 346 for 10000 passes
Iteration numbers of optimal solutions of each run: [269]
All costs of all solutions: [25246716.0]Runtime: 605.12 seconds
Time of experiment: 2025-04-30 10:44:58
------------------
Algorithm: Adaptive Weights Simulated Annealing.
Seed: 42
Best solution cost: 26192685.00
Best solution: [16, 16, 80, 80, 28, 36, 28, 36, 0, 126, 126, 107, 107, 0, 115, 73, 115, 81, 35, 35, 81, 73, 0, 84, 95, 95, 84, 45, 40, 45, 40, 0, 114, 61, 114, 65, 61, 65, 0, 32, 32, 46, 46, 0, 99, 99, 92, 70, 92, 53, 30, 53, 30, 70, 0, 5, 5, 58, 58, 0, 74, 74, 41, 23, 41, 23, 117, 117, 39, 39, 0, 3, 3, 33, 33, 125, 91, 125, 12, 91, 12, 0, 29, 17, 29, 56, 17, 56, 64, 64, 0, 123, 123, 25, 25, 9, 9, 0, 103, 89, 103, 59, 59, 89, 0, 130, 130, 104, 79, 104, 94, 79, 94, 0, 96, 96, 4, 4, 0, 66, 66, 110, 110, 77, 77, 0, 21, 69, 21, 69, 7, 7, 10, 10, 0, 54, 54, 0, 108, 108, 0, 102, 102, 18, 122, 18, 127, 122, 127, 0, 44, 87, 87, 44, 78, 78, 0, 98, 98, 55, 55, 118, 37, 118, 37, 0, 72, 11, 72, 11, 63, 63, 0, 26, 51, 51, 26, 0, 38, 38, 62, 62, 101, 57, 101, 57, 0, 88, 50, 82, 88, 82, 50, 0, 27, 27, 113, 113, 43, 43, 0, 8, 8, 128, 128, 0, 22, 22, 0, 120, 120, 116, 116, 76, 76, 0, 34, 34, 112, 112, 0, 75, 90, 75, 47, 90, 47, 71, 14, 71, 14, 0, 15, 121, 15, 121, 111, 111, 0, 100, 100, 31, 31, 0, 97, 97, 24, 24, 0, 13, 13, 0, 68, 68, 20, 20, 0, 86, 86, 83, 48, 48, 83, 0, 124, 67, 109, 124, 109, 67, 0, 0, 1, 1, 2, 2, 6, 6, 19, 19, 42, 42, 49, 49, 52, 52, 60, 60, 85, 85, 93, 93, 105, 105, 106, 106, 119, 119, 129, 129]
Average cost: 26192685.00
Improvement: 65.82%
Feasible solutions: 253 for 10000 passes
Iteration numbers of optimal solutions of each run: [152]
All costs of all solutions: [26192685.0]Runtime: 606.35 seconds
Time of experiment: 2025-04-30 11:18:37
------------------
Algorithm: Adaptive Weights Simulated Annealing.
Seed: 42
Best solution cost: 25652728.00
Best solution: [15, 15, 113, 113, 45, 45, 65, 35, 35, 36, 65, 36, 0, 74, 67, 67, 74, 118, 51, 118, 77, 51, 77, 0, 42, 73, 42, 73, 104, 63, 63, 104, 0, 121, 121, 4, 4, 59, 59, 64, 64, 0, 96, 96, 120, 120, 18, 18, 0, 97, 97, 0, 34, 34, 62, 62, 112, 37, 112, 53, 53, 37, 0, 130, 130, 46, 46, 0, 103, 103, 11, 11, 89, 111, 89, 111, 0, 3, 3, 88, 88, 9, 17, 17, 9, 0, 21, 21, 0, 106, 98, 98, 106, 20, 20, 0, 54, 54, 0, 27, 27, 58, 40, 58, 40, 127, 127, 14, 14, 0, 92, 92, 28, 28, 12, 12, 0, 23, 23, 10, 10, 30, 30, 0, 50, 68, 48, 68, 50, 48, 0, 80, 80, 41, 61, 41, 61, 26, 26, 0, 5, 5, 117, 117, 0, 22, 22, 0, 87, 69, 69, 87, 78, 78, 0, 86, 86, 90, 83, 83, 90, 0, 85, 85, 0, 100, 109, 100, 109, 0, 93, 82, 93, 82, 128, 128, 0, 16, 16, 55, 110, 55, 110, 0, 2, 2, 108, 108, 91, 94, 94, 57, 91, 57, 0, 49, 49, 81, 39, 81, 39, 0, 44, 44, 47, 56, 56, 47, 0, 0, 107, 107, 116, 116, 71, 71, 0, 75, 79, 79, 75, 0, 1, 31, 31, 1, 0, 38, 38, 70, 43, 70, 43, 0, 33, 125, 33, 125, 76, 76, 0, 29, 29, 13, 101, 13, 101, 0, 66, 95, 95, 66, 122, 122, 7, 7, 0, 126, 102, 126, 102, 24, 24, 0, 124, 99, 99, 124, 0, 19, 114, 114, 19, 0, 6, 6, 8, 8, 25, 25, 32, 32, 52, 52, 60, 60, 72, 72, 84, 84, 105, 105, 115, 115, 119, 119, 123, 123, 129, 129]
Average cost: 25652728.00
Improvement: 66.52%
Feasible solutions: 317 for 10000 passes
Iteration numbers of optimal solutions of each run: [157]
All costs of all solutions: [25652728.0]Runtime: 602.64 seconds
Time of experiment: 2025-04-30 11:35:53
------------------
Algorithm: Adaptive Weights Simulated Annealing.
Seed: 42
Best solution cost: 18679106.00
Best solution: [80, 80, 34, 68, 70, 34, 70, 48, 68, 48, 0, 96, 96, 4, 4, 10, 53, 30, 10, 53, 30, 0, 105, 105, 11, 11, 104, 63, 63, 104, 0, 55, 109, 55, 109, 0, 124, 67, 67, 124, 0, 74, 41, 74, 118, 41, 118, 0, 37, 28, 36, 28, 77, 36, 77, 37, 0, 44, 113, 113, 44, 81, 7, 7, 81, 0, 84, 98, 98, 114, 114, 84, 62, 62, 83, 83, 39, 39, 0, 15, 15, 16, 16, 110, 110, 64, 64, 0, 32, 32, 22, 61, 61, 22, 92, 46, 92, 46, 0, 123, 42, 42, 123, 25, 25, 18, 18, 0, 66, 66, 79, 59, 51, 59, 51, 79, 0, 49, 49, 102, 82, 102, 82, 40, 40, 20, 20, 0, 23, 23, 107, 107, 26, 26, 0, 21, 50, 21, 125, 50, 56, 56, 125, 0, 103, 103, 117, 117, 0, 126, 126, 108, 108, 94, 12, 94, 12, 0, 5, 73, 5, 99, 99, 73, 0, 33, 33, 0, 115, 129, 115, 129, 52, 122, 122, 52, 0, 2, 2, 13, 101, 13, 101, 0, 6, 6, 112, 35, 35, 112, 0, 116, 116, 76, 76, 0, 86, 86, 58, 9, 9, 58, 0, 3, 106, 3, 121, 121, 97, 97, 106, 128, 128, 0, 60, 29, 29, 60, 78, 78, 0, 89, 43, 43, 89, 0, 85, 85, 0, 0, 119, 119, 0, 38, 38, 31, 17, 17, 31, 0, 100, 100, 71, 14, 71, 14, 0, 88, 1, 88, 1, 0, 19, 90, 90, 19, 47, 91, 47, 57, 91, 57, 0, 130, 120, 120, 130, 0, 54, 111, 111, 54, 0, 69, 87, 69, 87, 0, 93, 93, 45, 45, 24, 24, 0, 75, 95, 75, 65, 95, 127, 127, 65, 0, 8, 8, 27, 27, 72, 72]
Average cost: 18679106.00
Improvement: 75.62%
Feasible solutions: 204 for 10000 passes
Iteration numbers of optimal solutions of each run: [164]
All costs of all solutions: [18679106.0]Runtime: 605.50 seconds
Time of experiment: 2025-04-30 11:48:36
------------------
Algorithm: Adaptive Weights Simulated Annealing.
Seed: 42
Best solution cost: 18679106.00
Best solution: [80, 80, 34, 68, 70, 34, 70, 48, 68, 48, 0, 96, 96, 4, 4, 10, 53, 30, 10, 53, 30, 0, 105, 105, 11, 11, 104, 63, 63, 104, 0, 55, 109, 55, 109, 0, 124, 67, 67, 124, 0, 74, 41, 74, 118, 41, 118, 0, 37, 28, 36, 28, 77, 36, 77, 37, 0, 44, 113, 113, 44, 81, 7, 7, 81, 0, 84, 98, 98, 114, 114, 84, 62, 62, 83, 83, 39, 39, 0, 15, 15, 16, 16, 110, 110, 64, 64, 0, 32, 32, 22, 61, 61, 22, 92, 46, 92, 46, 0, 123, 42, 42, 123, 25, 25, 18, 18, 0, 66, 66, 79, 59, 51, 59, 51, 79, 0, 49, 49, 102, 82, 102, 82, 40, 40, 20, 20, 0, 23, 23, 107, 107, 26, 26, 0, 21, 50, 21, 125, 50, 56, 56, 125, 0, 103, 103, 117, 117, 0, 126, 126, 108, 108, 94, 12, 94, 12, 0, 5, 73, 5, 99, 99, 73, 0, 33, 33, 0, 115, 129, 115, 129, 52, 122, 122, 52, 0, 2, 2, 13, 101, 13, 101, 0, 6, 6, 112, 35, 35, 112, 0, 116, 116, 76, 76, 0, 86, 86, 58, 9, 9, 58, 0, 3, 106, 3, 121, 121, 97, 97, 106, 128, 128, 0, 60, 29, 29, 60, 78, 78, 0, 89, 43, 43, 89, 0, 85, 85, 0, 0, 119, 119, 0, 38, 38, 31, 17, 17, 31, 0, 100, 100, 71, 14, 71, 14, 0, 88, 1, 88, 1, 0, 19, 90, 90, 19, 47, 91, 47, 57, 91, 57, 0, 130, 120, 120, 130, 0, 54, 111, 111, 54, 0, 69, 87, 69, 87, 0, 93, 93, 45, 45, 24, 24, 0, 75, 95, 75, 65, 95, 127, 127, 65, 0, 8, 8, 27, 27, 72, 72]
Average cost: 19351363.20
Improvement: 74.75%
Feasible solutions: 1028 for 50000 passes
Iteration numbers of optimal solutions of each run: [164, 162, 202, 138, 112]
All costs of all solutions: [18679106.0, 18729598.0, 20515179.0, 19900963.0, 18931970.0]Runtime: 3024.59 seconds
Time of experiment: 2025-04-30 13:24:28
------------------
Algorithm: Adaptive Weights Simulated Annealing.
Seed: 1
Best solution cost: 19204882.00
Best solution: [80, 80, 0, 123, 42, 42, 123, 55, 55, 110, 36, 110, 36, 0, 105, 105, 54, 61, 61, 54, 0, 16, 16, 41, 41, 4, 4, 0, 124, 109, 124, 109, 10, 53, 30, 10, 53, 30, 0, 89, 111, 111, 81, 89, 46, 81, 46, 0, 92, 68, 70, 92, 70, 68, 20, 20, 0, 102, 82, 102, 82, 65, 65, 48, 48, 0, 84, 84, 99, 99, 0, 15, 15, 23, 23, 117, 117, 94, 94, 64, 64, 0, 21, 122, 21, 125, 125, 127, 122, 127, 0, 103, 103, 7, 7, 0, 34, 59, 34, 59, 12, 12, 0, 115, 69, 115, 69, 83, 83, 39, 39, 0, 11, 11, 107, 107, 26, 26, 0, 3, 50, 3, 118, 118, 79, 17, 17, 79, 50, 0, 98, 98, 104, 63, 104, 63, 0, 129, 129, 45, 40, 45, 40, 0, 5, 90, 5, 18, 18, 90, 0, 113, 113, 112, 112, 28, 51, 28, 51, 0, 60, 60, 130, 120, 120, 130, 0, 44, 33, 44, 33, 128, 128, 0, 72, 22, 22, 72, 0, 32, 121, 121, 62, 62, 32, 0, 106, 66, 106, 66, 0, 88, 73, 88, 13, 73, 13, 0, 27, 49, 27, 49, 108, 108, 47, 91, 47, 76, 91, 76, 0, 38, 38, 25, 1, 25, 31, 31, 1, 0, 85, 85, 43, 43, 0, 0, 116, 37, 116, 77, 37, 77, 0, 75, 75, 0, 74, 96, 67, 96, 74, 119, 67, 119, 0, 86, 86, 58, 95, 95, 58, 0, 126, 29, 126, 29, 0, 78, 101, 78, 57, 101, 57, 0, 97, 9, 9, 97, 0, 8, 8, 52, 35, 52, 35, 0, 100, 100, 24, 56, 24, 56, 71, 14, 71, 14, 0, 19, 114, 114, 19, 0, 2, 2, 6, 6, 87, 87, 93, 93]
Average cost: 19204882.00
Improvement: 74.94%
Feasible solutions: 566 for 10000 passes
Iteration numbers of optimal solutions of each run: [565]
All costs of all solutions: [19204882.0]Runtime: 1503.48 seconds
Time of experiment: 2025-04-30 14:03:09
------------------
Algorithm: Adaptive Weights Simulated Annealing.
Seed: 1
Best solution cost: 18790413.00
Best solution: [34, 50, 34, 62, 62, 45, 45, 50, 0, 74, 74, 118, 118, 110, 110, 48, 48, 0, 105, 105, 23, 59, 23, 7, 7, 59, 64, 64, 0, 42, 96, 96, 42, 9, 63, 9, 63, 0, 114, 102, 102, 65, 114, 56, 56, 65, 0, 33, 33, 122, 125, 125, 127, 122, 127, 0, 11, 11, 107, 107, 92, 46, 92, 46, 0, 129, 129, 18, 18, 91, 94, 94, 12, 91, 12, 0, 103, 103, 55, 37, 55, 28, 36, 28, 77, 36, 77, 37, 0, 15, 15, 16, 16, 41, 41, 111, 79, 79, 111, 0, 80, 80, 25, 25, 10, 53, 30, 10, 30, 53, 0, 66, 66, 39, 39, 0, 4, 4, 0, 60, 60, 120, 120, 61, 104, 61, 51, 51, 104, 0, 97, 97, 81, 35, 35, 81, 0, 84, 82, 82, 84, 83, 83, 0, 88, 88, 112, 112, 0, 3, 3, 121, 121, 117, 117, 0, 5, 5, 22, 68, 22, 70, 68, 70, 20, 20, 0, 99, 67, 67, 99, 0, 115, 69, 113, 113, 115, 69, 40, 24, 24, 40, 0, 126, 73, 126, 101, 101, 73, 0, 72, 130, 130, 72, 0, 106, 95, 29, 95, 29, 106, 0, 8, 8, 52, 52, 0, 1, 26, 1, 26, 71, 14, 71, 14, 0, 27, 49, 27, 49, 124, 109, 124, 109, 0, 19, 90, 90, 19, 0, 2, 44, 2, 108, 108, 44, 0, 31, 31, 0, 119, 119, 0, 21, 32, 32, 21, 47, 47, 76, 76, 0, 75, 17, 17, 75, 0, 86, 86, 58, 58, 78, 78, 0, 123, 98, 98, 38, 38, 123, 116, 116, 57, 57, 0, 13, 13, 0, 54, 89, 89, 54, 0, 87, 87, 128, 128, 0, 93, 93, 0, 100, 100, 43, 43, 0, 6, 6, 85, 85]
Average cost: 18790413.00
Improvement: 75.48%
Feasible solutions: 537 for 10000 passes
Iteration numbers of optimal solutions of each run: [536]
All costs of all solutions: [18790413.0]Runtime: 1502.30 seconds
Time of experiment: 2025-04-30 16:42:02
------------------
Algorithm: Adaptive Weights Simulated Annealing.
Seed: 1
Best solution cost: 19746271.00
Best solution: [126, 126, 117, 117, 39, 39, 0, 123, 74, 74, 123, 25, 25, 111, 63, 111, 63, 0, 115, 115, 120, 109, 120, 7, 7, 109, 10, 10, 0, 129, 129, 0, 102, 73, 102, 99, 99, 73, 0, 42, 96, 42, 96, 59, 51, 59, 77, 51, 77, 0, 34, 68, 34, 68, 20, 20, 30, 53, 30, 53, 0, 29, 17, 17, 29, 0, 16, 16, 55, 41, 55, 41, 79, 48, 48, 79, 0, 3, 3, 118, 70, 118, 28, 28, 70, 0, 80, 80, 46, 36, 46, 14, 36, 14, 0, 23, 23, 104, 104, 0, 121, 121, 62, 62, 45, 40, 45, 40, 35, 12, 35, 12, 0, 105, 105, 107, 107, 110, 110, 64, 64, 0, 54, 90, 54, 81, 90, 94, 94, 81, 0, 15, 15, 4, 4, 83, 83, 0, 103, 103, 11, 11, 18, 18, 0, 98, 124, 98, 124, 92, 92, 0, 5, 5, 22, 61, 61, 22, 0, 58, 58, 65, 127, 65, 127, 0, 60, 60, 33, 95, 95, 33, 128, 128, 0, 27, 27, 130, 67, 67, 130, 116, 116, 76, 76, 0, 72, 112, 112, 72, 0, 106, 88, 88, 106, 0, 114, 100, 100, 31, 114, 31, 0, 32, 113, 32, 113, 52, 56, 56, 52, 71, 71, 0, 49, 49, 108, 108, 47, 91, 47, 57, 91, 57, 0, 44, 19, 44, 19, 125, 122, 125, 43, 122, 43, 0, 87, 69, 87, 69, 24, 24, 0, 0, 119, 119, 26, 37, 37, 26, 0, 86, 86, 78, 78, 0, 21, 1, 21, 1, 0, 93, 93, 0, 75, 89, 89, 75, 0, 13, 101, 13, 101, 0, 66, 50, 82, 50, 82, 66, 0, 8, 8, 0, 97, 9, 9, 97, 0, 38, 38, 0, 2, 2, 6, 6, 84, 84, 85, 85]
Average cost: 19746271.00
Improvement: 74.23%
Feasible solutions: 453 for 10000 passes
Iteration numbers of optimal solutions of each run: [452]
All costs of all solutions: [19746271.0]Runtime: 1501.09 seconds
Time of experiment: 2025-04-30 17:50:29
------------------
Algorithm: Adaptive Weights Simulated Annealing.
Seed: 1
Best solution cost: 20652252.00
Best solution: [3, 3, 66, 66, 45, 40, 45, 40, 0, 120, 120, 18, 63, 18, 63, 0, 105, 105, 62, 17, 62, 56, 17, 56, 12, 12, 0, 4, 4, 37, 68, 36, 68, 77, 36, 37, 77, 0, 129, 129, 112, 112, 46, 46, 0, 54, 54, 0, 25, 25, 7, 7, 0, 5, 73, 5, 73, 53, 30, 30, 53, 0, 84, 114, 84, 114, 125, 81, 125, 81, 0, 88, 88, 29, 82, 82, 29, 65, 35, 65, 35, 0, 15, 15, 16, 16, 79, 79, 0, 123, 98, 98, 96, 96, 55, 123, 55, 110, 110, 64, 64, 0, 118, 118, 111, 111, 0, 126, 126, 22, 22, 92, 70, 92, 70, 20, 20, 0, 97, 97, 83, 83, 39, 39, 0, 41, 41, 23, 23, 117, 117, 0, 103, 103, 11, 11, 59, 127, 59, 127, 14, 14, 0, 9, 9, 0, 124, 109, 124, 10, 109, 10, 0, 33, 33, 94, 94, 0, 115, 113, 115, 113, 47, 91, 47, 57, 91, 57, 0, 60, 60, 108, 108, 128, 128, 0, 49, 102, 102, 49, 24, 24, 0, 80, 80, 119, 119, 0, 42, 74, 42, 74, 34, 50, 34, 78, 78, 50, 0, 106, 21, 106, 21, 52, 122, 122, 52, 71, 71, 0, 27, 58, 27, 58, 0, 6, 44, 6, 44, 0, 87, 69, 69, 87, 0, 0, 26, 48, 48, 26, 0, 8, 90, 90, 8, 0, 38, 38, 1, 31, 1, 31, 0, 19, 19, 0, 67, 107, 61, 107, 67, 28, 61, 51, 28, 51, 0, 13, 101, 13, 101, 0, 116, 116, 76, 76, 0, 75, 95, 95, 75, 0, 100, 89, 100, 43, 43, 89, 0, 32, 121, 121, 104, 32, 104, 0, 2, 2, 72, 72, 85, 85, 86, 86, 93, 93, 99, 99, 130, 130]
Average cost: 22094248.80
Improvement: 71.17%
Feasible solutions: 545 for 50000 passes
Iteration numbers of optimal solutions of each run: [105, 100, 100, 107, 128]
All costs of all solutions: [22085618.0, 22978584.0, 23047555.0, 20652252.0, 21707235.0]Runtime: 2227.14 seconds
Time of experiment: 2025-04-30 23:17:58
------------------
Algorithm: Adaptive Weights Simulated Annealing.
Seed: 1
Best solution cost: 19315078.00
Best solution: [106, 50, 89, 50, 106, 89, 39, 39, 0, 42, 96, 96, 42, 25, 25, 109, 109, 10, 10, 30, 30, 0, 105, 105, 4, 4, 26, 26, 0, 5, 5, 95, 29, 95, 29, 83, 83, 0, 114, 73, 114, 45, 45, 101, 7, 7, 101, 73, 0, 129, 122, 129, 91, 94, 94, 122, 91, 0, 92, 68, 70, 92, 53, 68, 70, 53, 0, 33, 33, 90, 18, 18, 90, 0, 74, 61, 61, 74, 37, 28, 36, 28, 77, 36, 37, 77, 0, 3, 3, 32, 32, 117, 117, 0, 21, 41, 41, 21, 0, 84, 98, 98, 82, 82, 84, 56, 56, 64, 64, 0, 80, 80, 11, 11, 9, 63, 63, 81, 9, 12, 81, 12, 0, 115, 69, 69, 115, 125, 65, 125, 65, 0, 97, 97, 0, 66, 66, 0, 16, 16, 23, 23, 120, 120, 111, 79, 79, 111, 0, 15, 15, 55, 55, 104, 104, 20, 20, 0, 102, 102, 130, 130, 110, 110, 48, 48, 0, 124, 67, 67, 124, 118, 118, 59, 127, 59, 127, 0, 60, 58, 60, 58, 40, 24, 24, 40, 0, 87, 87, 128, 128, 0, 72, 22, 22, 72, 0, 19, 1, 19, 1, 0, 88, 34, 34, 88, 0, 119, 119, 46, 46, 71, 14, 71, 14, 0, 27, 49, 27, 49, 99, 112, 112, 99, 0, 100, 100, 107, 107, 0, 44, 2, 2, 108, 108, 44, 0, 0, 116, 116, 57, 57, 0, 75, 17, 17, 75, 0, 86, 86, 78, 78, 0, 121, 103, 103, 121, 43, 43, 0, 123, 38, 123, 38, 31, 51, 51, 31, 0, 13, 13, 0, 54, 62, 62, 54, 0, 93, 93, 0, 113, 113, 47, 47, 76, 76, 0, 8, 8, 52, 35, 52, 35, 0, 6, 6, 85, 85, 126, 126]
Average cost: 21035881.60
Improvement: 72.55%
Feasible solutions: 613 for 50000 passes
Iteration numbers of optimal solutions of each run: [124, 100, 100, 133, 151]
All costs of all solutions: [19315078.0, 20688357.0, 23921766.0, 19837154.0, 21417053.0]Runtime: 2247.46 seconds
Time of experiment: 2025-04-30 23:18:36
------------------
Algorithm: Adaptive Weights Simulated Annealing.
Seed: 42
Best solution cost: 18547278.00
Best solution: [16, 16, 41, 23, 41, 23, 9, 40, 9, 40, 0, 60, 60, 130, 130, 104, 79, 79, 104, 0, 105, 105, 117, 117, 39, 39, 0, 15, 15, 55, 37, 55, 28, 36, 28, 14, 36, 14, 37, 0, 74, 67, 67, 74, 26, 26, 0, 54, 54, 94, 94, 77, 77, 0, 25, 25, 18, 18, 0, 5, 73, 5, 99, 99, 73, 0, 123, 42, 123, 42, 92, 46, 92, 46, 0, 124, 124, 118, 68, 118, 70, 7, 7, 68, 70, 0, 21, 50, 50, 21, 0, 98, 96, 96, 120, 120, 98, 61, 61, 0, 66, 66, 0, 115, 69, 69, 115, 0, 11, 11, 107, 107, 109, 10, 109, 53, 30, 10, 53, 30, 0, 84, 114, 84, 114, 45, 45, 65, 65, 20, 20, 0, 103, 103, 4, 4, 110, 110, 64, 64, 0, 88, 88, 125, 125, 48, 48, 0, 81, 35, 35, 81, 0, 97, 97, 0, 49, 72, 49, 108, 108, 112, 112, 72, 0, 27, 58, 27, 58, 0, 85, 85, 31, 51, 51, 31, 0, 32, 121, 121, 29, 32, 29, 0, 86, 86, 22, 22, 116, 116, 127, 127, 71, 71, 0, 3, 106, 1, 3, 106, 1, 0, 44, 6, 6, 44, 63, 76, 63, 76, 0, 100, 100, 89, 43, 89, 43, 0, 33, 33, 128, 128, 0, 0, 62, 17, 62, 24, 24, 17, 0, 19, 95, 19, 47, 95, 56, 56, 12, 47, 12, 0, 8, 90, 90, 8, 0, 38, 38, 34, 111, 34, 83, 83, 111, 0, 126, 102, 126, 102, 0, 13, 13, 0, 80, 80, 119, 119, 59, 59, 101, 57, 101, 57, 0, 75, 75, 0, 93, 93, 82, 78, 78, 82, 0, 113, 129, 113, 129, 52, 122, 91, 122, 91, 52, 0, 2, 2, 87, 87]
Average cost: 19087277.20
Improvement: 75.09%
Feasible solutions: 1527 for 50000 passes
Iteration numbers of optimal solutions of each run: [306, 389, 274, 268, 285]
All costs of all solutions: [20108402.0, 18547278.0, 18687151.0, 19126942.0, 18966613.0]Runtime: 7521.73 seconds
Time of experiment: 2025-05-02 15:20:48
------------------
Algorithm: Adaptive Weights Simulated Annealing.
Seed: 1
Best solution cost: 20105019.00
Best solution: [88, 88, 0, 123, 98, 98, 41, 123, 118, 41, 118, 111, 111, 0, 105, 105, 45, 17, 17, 56, 45, 56, 64, 64, 0, 121, 121, 9, 9, 0, 104, 63, 63, 104, 0, 97, 97, 0, 67, 99, 99, 68, 67, 110, 110, 68, 20, 20, 0, 5, 5, 22, 61, 61, 22, 92, 46, 92, 46, 0, 103, 103, 4, 4, 36, 14, 36, 14, 0, 126, 126, 112, 112, 28, 51, 28, 77, 51, 77, 0, 15, 15, 16, 16, 23, 23, 107, 107, 0, 11, 11, 0, 80, 80, 10, 53, 30, 10, 53, 30, 0, 27, 27, 82, 40, 40, 82, 0, 54, 90, 54, 81, 90, 94, 94, 12, 81, 12, 0, 32, 32, 127, 127, 7, 7, 0, 84, 114, 84, 114, 117, 117, 39, 39, 0, 42, 96, 96, 42, 0, 33, 33, 125, 125, 48, 48, 0, 62, 62, 83, 83, 0, 60, 58, 60, 58, 65, 35, 65, 35, 0, 38, 38, 50, 26, 37, 50, 37, 26, 0, 49, 44, 49, 108, 44, 108, 128, 128, 0, 21, 3, 3, 29, 29, 21, 0, 8, 95, 8, 24, 95, 24, 0, 119, 119, 0, 72, 73, 124, 124, 73, 72, 0, 74, 55, 74, 1, 55, 31, 31, 1, 0, 19, 69, 69, 19, 47, 47, 76, 76, 0, 0, 116, 70, 116, 71, 70, 71, 0, 100, 100, 79, 43, 79, 43, 0, 106, 129, 106, 129, 52, 122, 91, 122, 91, 52, 0, 102, 102, 130, 120, 120, 109, 130, 109, 0, 87, 87, 0, 13, 13, 0, 34, 25, 25, 59, 59, 101, 34, 57, 101, 57, 0, 75, 89, 89, 75, 0, 93, 93, 78, 78, 0, 86, 86, 113, 18, 18, 113, 0, 2, 2, 6, 6, 66, 66, 85, 85, 115, 115]
Average cost: 20105019.00
Improvement: 73.76%
Feasible solutions: 250 for 10000 passes
Iteration numbers of optimal solutions of each run: [249]
All costs of all solutions: [20105019.0]Runtime: 1512.23 seconds
Time of experiment: 2025-05-02 15:53:44
------------------
Algorithm: Adaptive Weights Simulated Annealing.
Seed: 1
Best solution cost: 20077215.00
Best solution: [103, 103, 23, 23, 107, 107, 26, 26, 39, 39, 0, 123, 42, 41, 123, 42, 41, 59, 59, 20, 20, 0, 115, 69, 69, 115, 0, 33, 33, 125, 125, 0, 114, 95, 95, 114, 104, 79, 79, 104, 0, 96, 61, 96, 61, 0, 25, 25, 0, 130, 130, 110, 68, 68, 110, 64, 64, 0, 80, 80, 118, 118, 7, 46, 7, 46, 14, 14, 0, 21, 67, 21, 67, 28, 51, 28, 77, 51, 77, 0, 15, 15, 112, 112, 10, 53, 30, 10, 53, 30, 0, 3, 3, 121, 121, 22, 22, 0, 32, 32, 0, 105, 105, 11, 11, 9, 17, 9, 17, 0, 4, 4, 111, 81, 111, 94, 94, 12, 81, 12, 0, 74, 74, 34, 34, 117, 117, 0, 84, 98, 98, 82, 82, 84, 65, 65, 0, 16, 16, 54, 54, 0, 5, 73, 5, 99, 73, 99, 92, 37, 92, 48, 48, 37, 0, 129, 129, 62, 62, 127, 127, 0, 60, 113, 60, 113, 0, 100, 100, 120, 120, 89, 43, 89, 43, 0, 2, 2, 40, 24, 40, 56, 24, 56, 57, 57, 0, 88, 88, 13, 13, 36, 71, 36, 71, 0, 75, 90, 75, 90, 128, 128, 0, 66, 1, 66, 1, 0, 49, 27, 49, 27, 108, 108, 0, 38, 38, 31, 63, 63, 31, 0, 44, 87, 44, 87, 47, 47, 76, 76, 0, 0, 0, 19, 19, 0, 8, 8, 52, 122, 91, 122, 91, 52, 0, 55, 50, 55, 119, 119, 78, 78, 50, 0, 126, 102, 102, 126, 45, 18, 45, 18, 0, 35, 101, 35, 101, 0, 116, 70, 116, 70, 0, 97, 97, 0, 58, 124, 58, 109, 124, 109, 0, 86, 86, 29, 83, 29, 83, 0, 6, 6, 72, 72, 85, 85, 93, 93, 106, 106]
Average cost: 20077215.00
Improvement: 73.80%
Feasible solutions: 338 for 10000 passes
Iteration numbers of optimal solutions of each run: [337]
All costs of all solutions: [20077215.0]Runtime: 1500.31 seconds
Time of experiment: 2025-05-02 15:58:55
------------------
Algorithm: Adaptive Weights Simulated Annealing.
Seed: 1
Best solution cost: 20105019.00
Best solution: [88, 88, 0, 123, 98, 98, 41, 123, 118, 41, 118, 111, 111, 0, 105, 105, 45, 17, 17, 56, 45, 56, 64, 64, 0, 121, 121, 9, 9, 0, 104, 63, 63, 104, 0, 97, 97, 0, 67, 99, 99, 68, 67, 110, 110, 68, 20, 20, 0, 5, 5, 22, 61, 61, 22, 92, 46, 92, 46, 0, 103, 103, 4, 4, 36, 14, 36, 14, 0, 126, 126, 112, 112, 28, 51, 28, 77, 51, 77, 0, 15, 15, 16, 16, 23, 23, 107, 107, 0, 11, 11, 0, 80, 80, 10, 53, 30, 10, 53, 30, 0, 27, 27, 82, 40, 40, 82, 0, 54, 90, 54, 81, 90, 94, 94, 12, 81, 12, 0, 32, 32, 127, 127, 7, 7, 0, 84, 114, 84, 114, 117, 117, 39, 39, 0, 42, 96, 96, 42, 0, 33, 33, 125, 125, 48, 48, 0, 62, 62, 83, 83, 0, 60, 58, 60, 58, 65, 35, 65, 35, 0, 38, 38, 50, 26, 37, 50, 37, 26, 0, 49, 44, 49, 108, 44, 108, 128, 128, 0, 21, 3, 3, 29, 29, 21, 0, 8, 95, 8, 24, 95, 24, 0, 119, 119, 0, 72, 73, 124, 124, 73, 72, 0, 74, 55, 74, 1, 55, 31, 31, 1, 0, 19, 69, 69, 19, 47, 47, 76, 76, 0, 0, 116, 70, 116, 71, 70, 71, 0, 100, 100, 79, 43, 79, 43, 0, 106, 129, 106, 129, 52, 122, 91, 122, 91, 52, 0, 102, 102, 130, 120, 120, 109, 130, 109, 0, 87, 87, 0, 13, 13, 0, 34, 25, 25, 59, 59, 101, 34, 57, 101, 57, 0, 75, 89, 89, 75, 0, 93, 93, 78, 78, 0, 86, 86, 113, 18, 18, 113, 0, 2, 2, 6, 6, 66, 66, 85, 85, 115, 115]
Average cost: 20105019.00
Improvement: 73.76%
Feasible solutions: 341 for 10000 passes
Iteration numbers of optimal solutions of each run: [340]
All costs of all solutions: [20105019.0]Runtime: 1506.64 seconds
Time of experiment: 2025-05-02 16:27:23
------------------
Algorithm: Adaptive Weights Simulated Annealing.
Seed: 1
Best solution cost: 19586697.00
Best solution: [84, 95, 84, 95, 82, 40, 40, 82, 0, 32, 32, 9, 63, 9, 63, 94, 94, 0, 72, 44, 44, 72, 26, 26, 39, 39, 0, 120, 120, 45, 17, 17, 45, 20, 20, 30, 53, 30, 53, 0, 96, 61, 61, 96, 59, 51, 51, 59, 64, 64, 0, 66, 66, 0, 80, 80, 10, 10, 0, 108, 108, 0, 103, 103, 4, 4, 62, 62, 83, 83, 0, 3, 3, 15, 15, 54, 54, 0, 16, 16, 41, 118, 41, 118, 104, 104, 0, 123, 98, 123, 98, 107, 107, 68, 28, 28, 68, 0, 121, 121, 97, 97, 0, 49, 49, 33, 33, 81, 7, 81, 36, 7, 77, 36, 77, 0, 11, 11, 117, 117, 0, 88, 88, 130, 130, 92, 46, 92, 46, 14, 14, 0, 126, 73, 126, 99, 99, 73, 0, 23, 23, 55, 109, 109, 55, 0, 5, 5, 112, 112, 0, 129, 122, 129, 125, 125, 127, 122, 127, 0, 115, 69, 113, 69, 115, 113, 0, 93, 93, 65, 65, 43, 43, 0, 87, 87, 47, 47, 0, 106, 34, 89, 34, 106, 89, 0, 74, 42, 50, 74, 42, 119, 119, 78, 78, 50, 0, 86, 86, 58, 18, 58, 18, 91, 56, 56, 57, 91, 57, 0, 2, 2, 124, 67, 67, 124, 0, 114, 100, 100, 31, 114, 31, 0, 27, 102, 27, 102, 13, 13, 0, 0, 110, 70, 70, 48, 110, 48, 0, 75, 75, 0, 19, 19, 24, 35, 24, 12, 35, 12, 0, 21, 90, 21, 90, 128, 128, 0, 60, 29, 60, 29, 0, 22, 101, 101, 22, 0, 116, 37, 116, 76, 37, 76, 0, 38, 38, 25, 1, 25, 111, 79, 79, 1, 111, 0, 71, 71, 0, 8, 8, 52, 52, 0, 6, 6, 85, 85, 105, 105]
Average cost: 19586697.00
Improvement: 74.44%
Feasible solutions: 423 for 10000 passes
Iteration numbers of optimal solutions of each run: [422]
All costs of all solutions: [19586697.0]Runtime: 1530.17 seconds
Time of experiment: 2025-05-02 16:55:18
------------------
Algorithm: Adaptive Weights Simulated Annealing.
Seed: 5
Best solution cost: 19000489.00
Best solution: [21, 50, 21, 125, 50, 35, 125, 127, 127, 7, 7, 35, 0, 126, 126, 108, 108, 122, 65, 56, 56, 122, 65, 0, 60, 60, 102, 102, 130, 61, 61, 130, 0, 4, 4, 92, 68, 70, 92, 70, 68, 0, 107, 107, 0, 80, 80, 37, 28, 36, 28, 77, 36, 37, 77, 0, 25, 25, 0, 5, 5, 58, 82, 82, 58, 20, 20, 0, 103, 103, 54, 54, 0, 3, 3, 121, 121, 124, 67, 67, 124, 26, 26, 0, 15, 15, 16, 16, 41, 41, 23, 1, 23, 79, 79, 1, 0, 62, 63, 62, 83, 63, 83, 39, 39, 0, 96, 109, 96, 46, 109, 46, 0, 115, 115, 22, 22, 0, 11, 11, 0, 84, 95, 84, 95, 0, 123, 98, 98, 55, 55, 123, 118, 118, 0, 110, 110, 48, 48, 0, 33, 33, 117, 117, 81, 94, 94, 12, 81, 12, 0, 73, 99, 99, 73, 10, 53, 30, 10, 53, 30, 0, 49, 27, 49, 27, 120, 120, 31, 31, 0, 74, 42, 74, 42, 111, 104, 111, 104, 0, 72, 112, 112, 72, 0, 38, 38, 89, 43, 43, 89, 0, 114, 100, 100, 18, 17, 17, 114, 18, 128, 128, 0, 88, 34, 34, 88, 40, 24, 24, 40, 0, 85, 85, 59, 51, 59, 64, 51, 64, 0, 2, 44, 2, 44, 52, 91, 91, 52, 71, 14, 71, 14, 0, 19, 90, 90, 19, 47, 47, 57, 57, 0, 0, 119, 119, 116, 116, 76, 76, 0, 86, 86, 29, 45, 45, 29, 0, 87, 69, 69, 87, 0, 106, 66, 106, 66, 0, 93, 93, 13, 101, 13, 101, 0, 78, 78, 0, 32, 9, 9, 32, 0, 8, 8, 0, 97, 97, 0, 129, 113, 129, 113, 0, 6, 6, 75, 75, 105, 105]
Average cost: 19000489.00
Improvement: 75.20%
Feasible solutions: 353 for 10000 passes
Iteration numbers of optimal solutions of each run: [352]
All costs of all solutions: [19000489.0]Runtime: 1500.64 seconds
Time of experiment: 2025-05-02 20:50:34
------------------
Algorithm: Adaptive Weights Simulated Annealing.
Seed: 5
Best solution cost: 18779385.00
Best solution: [123, 74, 123, 74, 10, 53, 30, 10, 30, 53, 0, 60, 60, 58, 82, 58, 82, 0, 27, 27, 22, 61, 61, 22, 0, 42, 42, 92, 68, 70, 92, 70, 68, 20, 20, 0, 29, 95, 95, 29, 35, 127, 127, 7, 7, 35, 0, 107, 107, 28, 51, 28, 77, 51, 77, 0, 41, 23, 41, 23, 120, 120, 111, 79, 79, 111, 0, 33, 33, 122, 65, 56, 56, 65, 122, 0, 103, 103, 54, 54, 81, 46, 81, 46, 0, 3, 3, 21, 89, 21, 91, 89, 39, 91, 39, 0, 15, 15, 16, 16, 117, 117, 94, 12, 94, 12, 0, 55, 55, 25, 25, 0, 121, 121, 96, 96, 4, 4, 118, 118, 0, 49, 49, 130, 130, 110, 36, 110, 36, 0, 97, 97, 0, 84, 114, 114, 84, 62, 62, 59, 59, 0, 98, 98, 99, 67, 67, 99, 26, 26, 0, 11, 11, 0, 5, 5, 63, 83, 83, 63, 0, 124, 109, 124, 109, 0, 6, 44, 6, 44, 0, 75, 75, 17, 48, 17, 48, 0, 72, 112, 112, 72, 0, 88, 50, 88, 78, 78, 50, 0, 19, 19, 52, 52, 76, 76, 0, 38, 38, 1, 31, 1, 31, 0, 85, 85, 104, 9, 9, 104, 0, 93, 93, 0, 2, 2, 108, 108, 128, 128, 0, 0, 119, 119, 116, 37, 116, 64, 37, 64, 0, 86, 86, 18, 18, 47, 47, 71, 14, 71, 14, 0, 113, 129, 129, 113, 0, 106, 66, 66, 106, 0, 126, 73, 102, 102, 126, 13, 13, 73, 0, 40, 24, 24, 40, 0, 32, 80, 80, 34, 34, 45, 32, 45, 0, 8, 90, 8, 125, 90, 101, 125, 57, 101, 57, 0, 100, 100, 43, 43, 0, 69, 87, 69, 87, 0, 105, 105, 115, 115]
Average cost: 18779385.00
Improvement: 75.49%
Feasible solutions: 341 for 10000 passes
Iteration numbers of optimal solutions of each run: [340]
All costs of all solutions: [18779385.0]Runtime: 1500.16 seconds
Time of experiment: 2025-05-03 13:39:32
------------------
Algorithm: Adaptive Weights Simulated Annealing.
Seed: 5
Best solution cost: 19228049.00
Best solution: [15, 15, 16, 16, 41, 41, 23, 23, 7, 7, 0, 123, 42, 123, 42, 55, 109, 55, 109, 10, 30, 10, 30, 0, 72, 67, 72, 67, 92, 70, 92, 70, 20, 20, 0, 84, 82, 84, 65, 82, 56, 56, 65, 0, 97, 97, 81, 12, 81, 12, 0, 107, 107, 68, 110, 110, 68, 0, 34, 59, 34, 59, 64, 64, 0, 5, 5, 112, 112, 28, 51, 28, 77, 51, 77, 0, 98, 98, 33, 33, 122, 91, 94, 94, 122, 91, 0, 121, 50, 121, 83, 50, 83, 0, 106, 102, 102, 106, 45, 17, 17, 45, 0, 114, 58, 58, 114, 0, 103, 103, 4, 4, 9, 40, 9, 40, 0, 126, 126, 120, 120, 104, 79, 79, 104, 0, 46, 36, 53, 46, 14, 53, 36, 14, 0, 88, 88, 117, 117, 39, 39, 0, 3, 3, 66, 66, 0, 11, 11, 111, 63, 63, 111, 0, 54, 54, 0, 129, 129, 0, 49, 27, 49, 73, 27, 22, 101, 22, 101, 73, 0, 100, 100, 76, 76, 0, 85, 85, 62, 62, 78, 78, 0, 8, 8, 47, 47, 0, 21, 32, 32, 21, 125, 125, 127, 127, 71, 71, 0, 118, 37, 118, 43, 37, 43, 0, 60, 60, 108, 108, 52, 35, 52, 35, 0, 44, 113, 29, 29, 113, 44, 0, 69, 87, 69, 87, 0, 0, 1, 25, 25, 31, 1, 31, 0, 19, 95, 19, 24, 24, 95, 0, 86, 86, 124, 99, 124, 99, 0, 75, 89, 89, 75, 0, 2, 2, 90, 18, 90, 18, 128, 128, 0, 130, 61, 130, 116, 61, 116, 57, 57, 0, 80, 80, 0, 74, 96, 96, 74, 119, 119, 0, 93, 93, 13, 13, 0, 38, 38, 26, 48, 48, 26, 0, 6, 6, 105, 105, 115, 115]
Average cost: 19387251.00
Improvement: 74.70%
Feasible solutions: 582 for 20000 passes
Iteration numbers of optimal solutions of each run: [273, 307]
All costs of all solutions: [19228049.0, 19546453.0]Runtime: 3012.73 seconds
Time of experiment: 2025-05-03 15:12:25
------------------
Algorithm: Adaptive Weights Simulated Annealing.
Seed: 5
Best solution cost: 18054550.00
Best solution: [3, 3, 121, 121, 107, 107, 59, 51, 59, 77, 51, 77, 0, 41, 41, 62, 62, 18, 122, 18, 91, 94, 94, 122, 91, 0, 105, 105, 55, 55, 68, 110, 110, 68, 20, 20, 0, 27, 27, 56, 56, 64, 64, 0, 124, 67, 67, 124, 26, 26, 39, 39, 0, 96, 96, 4, 4, 37, 28, 36, 28, 36, 37, 0, 11, 11, 111, 63, 63, 111, 0, 33, 33, 117, 117, 0, 126, 126, 79, 48, 48, 79, 0, 15, 15, 103, 103, 23, 23, 104, 104, 0, 88, 88, 83, 83, 0, 84, 98, 98, 95, 95, 84, 0, 50, 34, 34, 82, 40, 40, 50, 82, 0, 49, 49, 22, 61, 22, 70, 61, 12, 70, 12, 0, 97, 97, 81, 81, 0, 25, 25, 9, 9, 65, 127, 65, 127, 0, 102, 102, 108, 108, 125, 35, 125, 7, 35, 46, 7, 46, 0, 16, 16, 80, 80, 10, 53, 30, 10, 30, 53, 0, 5, 5, 112, 112, 0, 129, 129, 0, 115, 69, 113, 69, 113, 115, 0, 54, 29, 29, 54, 0, 2, 90, 2, 78, 78, 90, 128, 128, 0, 21, 32, 32, 21, 0, 123, 38, 38, 123, 118, 92, 92, 118, 0, 106, 66, 106, 66, 0, 72, 60, 60, 99, 99, 72, 0, 42, 74, 42, 74, 119, 119, 116, 116, 76, 76, 0, 85, 85, 43, 43, 0, 0, 1, 31, 1, 31, 0, 44, 87, 87, 44, 0, 0, 75, 89, 89, 75, 0, 86, 86, 58, 58, 13, 101, 13, 101, 0, 130, 120, 120, 109, 130, 109, 0, 8, 8, 47, 47, 57, 57, 0, 19, 73, 19, 52, 52, 73, 0, 93, 93, 24, 24, 71, 14, 71, 14, 0, 114, 100, 100, 45, 17, 17, 45, 114, 0, 6, 6]
Average cost: 18460431.00
Improvement: 75.91%
Feasible solutions: 2141 for 20000 passes
Iteration numbers of optimal solutions of each run: [1112, 1027]
All costs of all solutions: [18866312.0, 18054550.0]Runtime: 3003.23 seconds
Time of experiment: 2025-05-03 16:05:52
------------------
Algorithm: Adaptive Weights Simulated Annealing.
Seed: 5
Best solution cost: 19262171.00
Best solution: [42, 96, 96, 42, 62, 62, 83, 83, 0, 123, 55, 55, 123, 26, 26, 0, 105, 105, 120, 120, 89, 111, 89, 111, 0, 129, 129, 0, 114, 58, 58, 114, 18, 18, 0, 74, 74, 25, 25, 59, 7, 7, 59, 64, 64, 0, 92, 70, 92, 51, 70, 51, 0, 5, 5, 22, 61, 61, 22, 10, 53, 30, 10, 30, 53, 0, 103, 103, 23, 23, 104, 63, 63, 104, 0, 15, 15, 16, 16, 11, 11, 0, 21, 41, 41, 90, 90, 21, 125, 125, 0, 88, 88, 45, 45, 56, 56, 20, 20, 0, 121, 121, 99, 67, 67, 99, 36, 46, 46, 14, 36, 14, 0, 60, 60, 97, 97, 0, 4, 4, 110, 37, 110, 77, 77, 37, 0, 80, 80, 118, 68, 118, 48, 68, 48, 0, 84, 98, 98, 95, 95, 84, 0, 106, 50, 82, 82, 50, 106, 39, 39, 0, 33, 33, 117, 117, 81, 94, 94, 12, 81, 12, 0, 124, 73, 124, 73, 0, 115, 69, 113, 69, 115, 113, 0, 93, 93, 65, 127, 65, 127, 0, 72, 112, 112, 72, 0, 54, 9, 9, 54, 0, 126, 102, 102, 126, 13, 101, 13, 101, 0, 3, 3, 119, 119, 116, 116, 76, 76, 0, 27, 49, 27, 49, 107, 109, 107, 109, 0, 100, 100, 71, 71, 0, 2, 2, 130, 130, 43, 43, 0, 0, 28, 28, 57, 57, 0, 44, 87, 44, 87, 52, 35, 52, 35, 0, 86, 86, 78, 78, 0, 8, 8, 128, 128, 0, 75, 75, 122, 47, 91, 47, 122, 91, 0, 108, 108, 0, 66, 34, 34, 66, 0, 19, 19, 24, 24, 0, 29, 17, 40, 17, 40, 29, 0, 38, 38, 1, 31, 1, 31, 0, 6, 6, 32, 32, 79, 79, 85, 85]
Average cost: 19390699.00
Improvement: 74.69%
Feasible solutions: 385 for 20000 passes
Iteration numbers of optimal solutions of each run: [188, 195]
All costs of all solutions: [19519227.0, 19262171.0]Runtime: 3034.18 seconds
Time of experiment: 2025-05-03 17:18:46
------------------
Algorithm: Adaptive Weights Simulated Annealing.
Seed: 5
Best solution cost: 18541513.00
Best solution: [84, 41, 84, 79, 41, 59, 51, 59, 51, 79, 0, 60, 44, 60, 44, 125, 56, 125, 56, 64, 64, 0, 105, 105, 83, 83, 39, 39, 0, 114, 62, 62, 65, 114, 35, 65, 7, 7, 35, 0, 96, 96, 4, 4, 37, 36, 46, 46, 77, 36, 37, 77, 0, 74, 74, 55, 67, 67, 55, 0, 54, 54, 0, 5, 73, 5, 120, 61, 120, 109, 61, 73, 109, 0, 123, 123, 80, 80, 10, 53, 30, 10, 53, 30, 0, 15, 15, 16, 16, 97, 97, 81, 12, 81, 12, 0, 103, 103, 22, 22, 92, 92, 28, 28, 0, 42, 42, 50, 34, 34, 82, 40, 40, 82, 50, 0, 32, 32, 104, 63, 104, 63, 0, 115, 115, 89, 111, 89, 111, 0, 23, 23, 118, 68, 118, 70, 68, 70, 20, 20, 0, 3, 3, 121, 121, 11, 11, 107, 107, 26, 26, 0, 98, 98, 58, 95, 95, 58, 112, 112, 0, 126, 126, 17, 48, 17, 48, 0, 0, 33, 33, 94, 94, 0, 69, 87, 87, 69, 78, 78, 0, 2, 2, 0, 72, 102, 102, 130, 130, 72, 0, 8, 90, 90, 8, 47, 47, 57, 57, 0, 21, 29, 29, 21, 0, 88, 88, 110, 110, 76, 76, 0, 27, 49, 49, 113, 27, 113, 24, 24, 0, 6, 6, 52, 122, 91, 122, 91, 52, 0, 85, 85, 43, 43, 0, 0, 119, 119, 116, 116, 127, 127, 71, 14, 71, 14, 0, 75, 75, 0, 86, 86, 100, 100, 0, 106, 117, 106, 117, 0, 38, 38, 25, 1, 25, 31, 31, 1, 0, 108, 108, 0, 66, 9, 9, 66, 0, 93, 93, 13, 101, 13, 101, 0, 124, 99, 124, 99, 0, 19, 19, 45, 18, 45, 18, 128, 128, 0, 129, 129]
Average cost: 18845048.00
Improvement: 75.41%
Feasible solutions: 1964 for 20000 passes
Iteration numbers of optimal solutions of each run: [936, 1026]
All costs of all solutions: [19148583.0, 18541513.0]Runtime: 3001.20 seconds
Time of experiment: 2025-05-03 19:11:16
------------------
Algorithm: Adaptive Weights Simulated Annealing.
Seed: 5
Best solution cost: 18880438.00
Best solution: [129, 129, 0, 60, 60, 108, 108, 94, 94, 0, 44, 49, 49, 44, 0, 126, 126, 120, 120, 127, 12, 127, 12, 0, 96, 67, 67, 96, 9, 40, 9, 40, 20, 20, 0, 97, 97, 125, 91, 125, 30, 53, 91, 53, 30, 0, 11, 11, 107, 107, 92, 92, 7, 7, 0, 5, 5, 62, 62, 63, 83, 83, 63, 0, 84, 98, 98, 95, 84, 65, 95, 56, 56, 65, 0, 88, 88, 130, 130, 0, 15, 50, 15, 45, 45, 50, 0, 23, 23, 55, 55, 10, 10, 0, 32, 41, 41, 32, 112, 70, 112, 28, 28, 70, 0, 105, 105, 104, 104, 0, 124, 61, 124, 61, 59, 51, 59, 77, 51, 77, 0, 103, 103, 4, 4, 0, 66, 66, 39, 39, 0, 16, 16, 110, 68, 68, 110, 64, 64, 0, 33, 33, 122, 81, 35, 122, 35, 81, 0, 102, 102, 99, 99, 37, 36, 46, 46, 14, 36, 14, 37, 0, 115, 69, 113, 69, 115, 113, 0, 19, 19, 90, 18, 90, 18, 128, 128, 0, 85, 85, 89, 43, 43, 89, 0, 80, 80, 118, 118, 111, 79, 48, 48, 79, 111, 0, 93, 93, 117, 17, 17, 117, 0, 21, 58, 58, 21, 47, 47, 0, 27, 29, 27, 29, 24, 24, 0, 38, 38, 1, 25, 25, 31, 31, 1, 0, 87, 87, 52, 52, 0, 0, 116, 116, 71, 71, 0, 75, 75, 0, 86, 86, 13, 13, 0, 106, 3, 3, 121, 121, 54, 106, 54, 0, 123, 42, 74, 74, 42, 123, 119, 119, 0, 73, 22, 109, 22, 73, 109, 0, 34, 26, 34, 26, 0, 8, 8, 0, 76, 76, 0, 114, 100, 100, 82, 82, 114, 78, 101, 78, 57, 101, 57, 0, 2, 2, 6, 6, 72, 72]
Average cost: 19014510.50
Improvement: 75.19%
Feasible solutions: 1976 for 20000 passes
Iteration numbers of optimal solutions of each run: [1001, 973]
All costs of all solutions: [19148583.0, 18880438.0]Runtime: 3002.42 seconds
Time of experiment: 2025-05-04 18:29:50
------------------
Algorithm: Adaptive Weights Simulated Annealing.
Seed: 5
Best solution cost: 18541513.00
Best solution: [84, 41, 84, 79, 41, 59, 51, 59, 51, 79, 0, 60, 44, 60, 44, 125, 56, 125, 56, 64, 64, 0, 105, 105, 83, 83, 39, 39, 0, 114, 62, 62, 65, 114, 35, 65, 7, 7, 35, 0, 96, 96, 4, 4, 37, 36, 46, 46, 77, 36, 37, 77, 0, 74, 74, 55, 67, 67, 55, 0, 54, 54, 0, 5, 73, 5, 120, 61, 120, 109, 61, 73, 109, 0, 123, 123, 80, 80, 10, 53, 30, 10, 53, 30, 0, 15, 15, 16, 16, 97, 97, 81, 12, 81, 12, 0, 103, 103, 22, 22, 92, 92, 28, 28, 0, 42, 42, 50, 34, 34, 82, 40, 40, 82, 50, 0, 32, 32, 104, 63, 104, 63, 0, 115, 115, 89, 111, 89, 111, 0, 23, 23, 118, 68, 118, 70, 68, 70, 20, 20, 0, 3, 3, 121, 121, 11, 11, 107, 107, 26, 26, 0, 98, 98, 58, 95, 95, 58, 112, 112, 0, 126, 126, 17, 48, 17, 48, 0, 0, 33, 33, 94, 94, 0, 69, 87, 87, 69, 78, 78, 0, 2, 2, 0, 72, 102, 102, 130, 130, 72, 0, 8, 90, 90, 8, 47, 47, 57, 57, 0, 21, 29, 29, 21, 0, 88, 88, 110, 110, 76, 76, 0, 27, 49, 49, 113, 27, 113, 24, 24, 0, 6, 6, 52, 122, 91, 122, 91, 52, 0, 85, 85, 43, 43, 0, 0, 119, 119, 116, 116, 127, 127, 71, 14, 71, 14, 0, 75, 75, 0, 86, 86, 100, 100, 0, 106, 117, 106, 117, 0, 38, 38, 25, 1, 25, 31, 31, 1, 0, 108, 108, 0, 66, 9, 9, 66, 0, 93, 93, 13, 101, 13, 101, 0, 124, 99, 124, 99, 0, 19, 19, 45, 18, 45, 18, 128, 128, 0, 129, 129]
Average cost: 18760509.50
Improvement: 75.52%
Feasible solutions: 2209 for 20000 passes
Iteration numbers of optimal solutions of each run: [1038, 1169]
All costs of all solutions: [18979506.0, 18541513.0]Runtime: 3000.92 seconds
Time of experiment: 2025-05-04 19:24:00
------------------
