Algorithm: Adaptive Weights Simulated Annealing.
Seed: 334
Best solution cost: 71742863.00
Best solution: [225, 225, 0, 241, 72, 241, 72, 0, 133, 133, 211, 211, 0, 236, 236, 173, 173, 84, 84, 0, 54, 54, 226, 226, 0, 215, 295, 295, 215, 290, 290, 0, 61, 288, 61, 148, 288, 50, 148, 50, 17, 17, 0, 181, 73, 181, 73, 0, 207, 207, 293, 293, 289, 289, 0, 269, 269, 219, 219, 0, 110, 110, 165, 165, 113, 113, 0, 164, 164, 46, 46, 59, 59, 0, 185, 44, 266, 185, 90, 90, 44, 266, 0, 49, 49, 203, 227, 227, 203, 0, 235, 235, 154, 154, 0, 263, 263, 245, 245, 0, 41, 41, 28, 28, 0, 214, 94, 94, 214, 14, 140, 140, 14, 0, 281, 281, 139, 139, 0, 96, 96, 104, 104, 0, 62, 62, 259, 259, 0, 277, 228, 277, 228, 0, 220, 220, 106, 106, 0, 25, 25, 77, 77, 0, 257, 257, 27, 27, 130, 130, 0, 261, 261, 81, 81, 0, 273, 273, 167, 167, 0, 272, 272, 131, 131, 101, 101, 0, 136, 171, 171, 136, 125, 125, 0, 60, 60, 129, 129, 0, 15, 15, 243, 243, 34, 34, 0, 64, 64, 0, 111, 127, 127, 111, 0, 276, 276, 221, 221, 0, 234, 234, 198, 198, 0, 249, 249, 40, 40, 52, 52, 0, 68, 68, 69, 291, 69, 184, 291, 184, 0, 143, 143, 286, 170, 286, 170, 0, 278, 278, 231, 231, 0, 201, 79, 201, 79, 122, 122, 187, 187, 0, 155, 155, 204, 204, 0, 206, 206, 282, 282, 0, 208, 48, 208, 48, 151, 151, 56, 56, 0, 179, 179, 75, 75, 153, 153, 186, 186, 0, 200, 270, 200, 270, 156, 156, 0, 166, 166, 0, 199, 91, 91, 199, 275, 275, 107, 107, 0, 67, 67, 147, 147, 0, 256, 256, 42, 42, 3, 3, 0, 159, 159, 251, 251, 0, 108, 108, 80, 80, 192, 192, 0, 7, 7, 16, 16, 11, 11, 0, 237, 237, 4, 4, 0, 284, 300, 89, 300, 89, 284, 0, 294, 294, 22, 22, 0, 19, 19, 124, 124, 0, 274, 274, 51, 51, 0, 250, 250, 202, 202, 0, 82, 82, 212, 95, 297, 212, 95, 297, 298, 298, 0, 10, 10, 163, 18, 18, 163, 0, 253, 253, 21, 21, 0, 92, 92, 268, 268, 283, 283, 12, 12, 0, 239, 239, 0, 39, 39, 149, 149, 190, 190, 0, 83, 264, 264, 83, 128, 128, 0, 152, 162, 162, 65, 152, 70, 65, 120, 120, 70, 0, 223, 114, 223, 114, 0, 183, 210, 183, 210, 53, 115, 53, 117, 115, 117, 0, 134, 134, 74, 74, 0, 137, 137, 33, 58, 33, 58, 0, 98, 98, 157, 146, 146, 157, 97, 97, 0, 218, 123, 194, 218, 123, 194, 0, 103, 103, 47, 47, 161, 161, 0, 213, 213, 5, 5, 296, 296, 0, 175, 191, 191, 175, 0, 169, 169, 287, 287, 20, 20, 0, 195, 45, 45, 195, 0, 36, 76, 76, 36, 0, 37, 233, 224, 233, 37, 224, 0, 232, 232, 230, 230, 38, 38, 0, 265, 121, 121, 141, 265, 141, 252, 252, 8, 8, 0, 118, 118, 196, 196, 0, 178, 178, 112, 112, 267, 267, 0, 126, 144, 255, 255, 144, 126, 0, 247, 23, 23, 247, 292, 100, 100, 292, 0, 168, 271, 168, 271, 32, 32, 85, 85, 0, 78, 78, 71, 63, 63, 71, 0, 1, 88, 88, 1, 197, 197, 102, 102, 13, 13, 0, 180, 180, 182, 55, 182, 55, 0, 6, 6, 2, 2, 93, 93, 0, 9, 9, 24, 24, 26, 26, 29, 29, 30, 30, 31, 31, 35, 35, 43, 43, 57, 57, 66, 66, 86, 86, 87, 87, 99, 99, 105, 105, 109, 109, 116, 116, 119, 119, 132, 132, 135, 135, 138, 138, 142, 142, 145, 145, 150, 150, 158, 158, 160, 160, 172, 172, 174, 174, 176, 176, 177, 177, 188, 188, 189, 189, 193, 193, 205, 205, 209, 209, 216, 216, 217, 217, 222, 222, 229, 229, 238, 238, 240, 240, 242, 242, 244, 244, 246, 246, 248, 248, 254, 254, 258, 258, 260, 260, 262, 262, 279, 279, 280, 280, 285, 285, 299, 299]
Average cost: 73411744.70
Improvement: 57.02%
Feasible solutions: 9011 for 100000 passes
Operator usage: [6210, 6491, 46842, 40457, 6983, 12285, 42451, 38281]
Iteration numbers of optimal solutions of each run: [9891, 9860, 9971, 9966, 9962, 9593, 9998, 9961, 9989, 9878]
Runtime: 4663.79 seconds
Time of experiment: 2025-03-31 09:05:06
------------------
